58.23648411284189
33.957933486144505
29.414872663340677
10.019831711123697
38.9173042076808
47.36471700000379
0.0019975374452769756
34.13857937750766
20.690259130413484
10.024757980951108
0.001993378857150674
55.88356582904429
6.272444502770668
59.521297341677
186.28290035607105
222.7202581851577
33.4621883101839
25.030127415296565
207.9391766628978
56.10157720900767
350.09202423620604
106.79310093418074
48.756394264305094
113.31548046071632
136.3136016016366
283.4417039791976
1250.4689216155093
78.97192679864999
117.92121270726068
18.821830815228168
64.0615507436192
21.82541248977829
204.73597639186104
62.68667395798548
131.3507735588846
45.931471919699106
253.01049031530368
151.69068611436887
14.607893602650924
176.61439452951365
134.9239652271704
505.2128551954869
154.420972648593
410.6806939473324
16.286943396519927
262.24382925269396
65.4866511747464
67.2773898861494
176.09030545032635
158.01196315295272
250.73926487739664
72.48294769162192
33.13260124187568
975.1794900146682
36.14548662955511
135.36724019072054
50.06158824340673
135.70271080519845
183.28664876024618
95.06189083264422
251.3919287415202
140.59193523161673
62.60856628417969
66.8074902797687
88.53949834964632
179.51094623572578
191.40196818824725
103.44236814773475
88.84876292912283
152.25054926796858
175.70996473833466
364.10303472661417
190.95944300663385
197.44348626396632
50.041993689996886
108.06980052132695
80.3756340221915
203.25288474275243
0.001995337288826704
399.9081488106422
186.3280655270466
133.97940128491456
56.291603907651734
99.27813257946794
146.40361045352589
119.97524751614934
221.86912018825834
45.18095154675127
64.29388800722414
96.62465059978422
216.45721377394727
44.978283282156674
200.9790519246588
121.79372472236888
61.507284566875775
15.346745874466103
120.93345869927302
0.0013888643588870764
147.0758923202451
34.31132113094295
294.1306360047334
136.4315020937396
62.543019628792536
255.4021668145932
227.42298693355497
54.47100538534099
160.26591307590607
54.907029479081984
0.0010629661070803802
81.77161232773354
68.95403110746598
48.30159112231027
20.494323619823042
26.9634665587017
360.98781280750063
0.0022663349518552423
50.06254128975179
65.59628056795216
0.0016303769894875585
101.56671628079405
109.43294551491029
60.74920199601495
120.02466552808924
40.52071052335114
54.174519746768055
954.7332336678572
150.95600396160097
138.854580741959
79.62704659960846
201.0486998295809
116.02767358774615
2265.049169047976
46.562424408116236
53.618151068242746
40.28147415420759
210.38420440440188
83.20695184371067
33.38712281795839
695.0723437825994
78.57072235319319
6.25747751982999
44.37717572968739
544.8136640399524
0.001693761587375775
221.17583823169332
91.32491271257229
0.0012743354891426861
69.06471877593148
121.95373414055031
96.88942149739543
162.99324049136425
40.41737004168979
329.61150314234374
429.0528033409818
31.831007170088757
530.6445032395454
50.15921198180877
37.02114594603961
125.3251256942749
153.21061910341274
661.0347069646209
103.34325356416053
210.67492014480283
47.30790293637741
39.176250219291944
60.04829113821995
99.19315610395476
134.4397137523266
77.27335992838087
235.99860111844433
47.146572476745966
83.3817236503819
50.6079092799125
62.700922220075924
35.75589860095975
256.67348207219857
248.24993600292615
53.718536449010784
110.93378759187362
414.3058780487896
25.028202019625212
179.93948201806657
55.54283985149348
104.92996889269733
35.752344678771415
82.66709412264599
32.184706849062685
50.8855371138479
91.75054762066124
91.06807586352708
41.463872631489565
39.4885618575477
82.74365997814814
236.88370578851996
0.0018192651041317731
120.05611018675346
256.8272629641657
67.00042716998891
147.89515400344246
96.53609157182267
91.87978716879857
246.194061717312
129.8421288047551
63.99745820099917
70.82326953688536
214.78371271054743
173.67215756488778
102.5678468172397
104.543498039915
48.98451819622546
644.2402553983653
39.12626137970504
87.70408126535987
458.62734561158794
71.98487679187662
39.6647551573299
91.77977828572116
84.48278303933814
86.30955670817353
48.866843439224795
29.02531829278683
130.37639580274555
101.11507406099413
376.6597008985184
42.90591887525183
46.91119832924014
48.59388908222386
70.60593237775292
58.48547483231992
33.34437008112824
161.0769431726914
137.74947783748752
410.87139416491016
163.93153783445283
116.2129570026313
56.81135188862099
68.1817280424264
148.0992289518848
604.8563613077794
36.56150958000717
80.97207255291067
23.647085124447283
148.41955934069878
269.92337550644885
145.46368080967454
85.05829507356975
131.5367002944391
190.74245467749677
270.3193013121702
239.68871937781694
51.010473827166535
51.06184299478152
276.49741316399076
200.04037541760448
74.12442359404787
0.0013229355099610984
120.98513108043089
252.49793221443784
105.89686144353338
162.50771259582302
0.0013604135601781309
107.02958318576043
457.5005875881927
43.772502099046505
67.55827097310103
110.77495806565136
577.7793527160021
63.7812359481224
66.05875171376928
423.61796182409074
337.51307231511163
36.802051361574904
622.3422208853111
28.43878660413479
112.84001718770014
41.663193263938105
55.19648251426005
25.00795680100564
72.35023470897383
329.6503366608694
32.64594979223777
35.71058274424701
51.47553897719668
72.6041811230476
180.9945674273052
65.3162756386947
158.36661516305887
101.4147834045973
102.66113884346198
81.5617011765375
47.91861178544399
284.1803432947305
357.9715856871064
39.59149291624393
59.142332067522645
281.08854323438135
78.66508909931872
72.049032487972
12.809651503652107
68.21249606627548
33.3866688197013
409.91509390964944
105.8642077993542
45.33257431926722
89.87952088020157
48.66706146067136
69.50771070352413
47.16897040458123
233.41222878731847
71.60306260799025
27.378773684292582
120.32348833714957
72.04223720303196
52.53767736674636
176.18351366219878
167.91284121582535
197.8104386188058
80.62849760668662
34.28010296456025
0.0010030657285824418
112.80647990106051
38.92621474187494
264.734386424534
121.50949201260653
73.0536934213481
34.247261810416695
126.56786580730113
96.9193493671828
72.65139130341066
45.54719516901657
20.841719345519476
42.8931868670791
197.427685609371
82.2907634678665
176.8844025995663
150.0467747579952
33.862589668578416
171.86982243380044
32.39046629238446
146.7470569974654
108.37810748965768
50.066973336553204
52.888819538458065
5.556332095901275
98.67664796519429
287.03987236744115
16.69151338317897
1060.9970917464852
20.456391973839015
103.3799892872829
298.32728039460324
17.805831074996743
16.69847961502438
0.0015199285699054599
69.61492317662265
124.27190102421535
239.67047624696676
388.49205363974625
66.20024283854521
35.34098630797063
250.94761647274638
130.54354388254836
46.252961756914736
3.3403128975459064
1432.2470307075835
190.74510670647942
0.0019619562663137913
417.7138307798326
202.8963296161682
269.6773495495731
75.00952372602963
203.20012098925508
5.7118131149777165
21.429598879676114
287.53893367764823
23.80824624615932
54.135585594971076
51.071380906486105
198.66493760951118
307.7157420913165
64.76717998875388
41.677470832524705
120.63965581617624
26.321043316249508
132.34781029189128
160.42880325880114
88.87930478723455
246.03806528337765
79.88063343475463
230.70204892862427
74.42040404997223
157.36684440865292
140.75478804015793
311.4177950160731
69.30007995436927
44.01557714935029
223.073937330072
92.13809489606871
0.0014640599256381392
127.34476730586152
32.97961696066572
47.2565233044087
63.519975318461945
36.236340278189566
127.07690585502785
41.905736210623346
12.51421680347994
158.19127723865293
50.06799124149838
25.033095401736897
57.89185749397896
107.60360174055643
159.97768067887003
209.85989288049353
0.0007746565388515592
89.9706366970885
89.60668454937951
91.21483433171913
60.63151964017128
100.7663241391526
0.0015489041106775403
109.50733970458333
94.39837905835893
69.90594005543407
39.12541433348405
55.05623242213774
219.74053080951646
58.41191271918878
257.25086337898307
30.793043396993873
63.94928382951083
299.24886357279064
266.4428495767151
150.21958845536065
120.87794169659416
188.52760308581531
172.25702541489412
103.45744755954485
106.20989391799893
50.938903979627604
87.64472132187802
100.83305289049623
58.56728382719565
83.38522028302152
265.59041943230295
198.16488218491193
8.36284385737963
97.35004300823236
12.539584528596606
49.02094870033907
48.87397426208282
228.58182430656373
35.75238917892524
119.11013863280998
394.7332940771521
130.88250651772478
125.8581381222517
139.58179933978943
25.041922702948796
71.82352343089651
38.9032951913428
250.36355590820312
6.6860123122140065
14.142295782006366
182.8631875579531
0.000828898511826992
109.10693185130367
62.77975649792382
168.27927582160106
7.151187551598663
124.98305274276433
266.61687401760776
47.937407129959965
55.465655776893506
79.19932288042037
73.53460460063226
67.88164806500919
31.678374609240564
85.06049380999411
246.25455917825687
31.181388078735864
34.712526236814746
125.05634659255156
57.890336585743256
111.19079006694886
15.047436871701938
137.89667684795845
31.29749572815005
201.95716134562753
56.28801587606722
216.99538999743822
40.77117817518269
182.8356571686163
98.05027965300941
33.76144386088431
111.12880534578088
28.25382854740324
40.65659759644768
2.507371852605138
22.936040430135716
132.77643555170525
74.68558454141672
56.02721683004417
45.162239625799714
238.16262531930954
21.16642470075413
212.20057679512567
66.98256543177204
185.91067011101103
1250.3769526008982
164.16537721870506
186.0420908606631
65.03407224460032
185.114164769894
709.4703094048418
57.1768229870188
40.148814116353414
69.71238757202558
121.57042694741688
93.81606269171289
229.72604902291576
60.254353649399945
54.617899657068
152.42616740798985
0.001059170055668801
51.96163604136195
80.71499741124619
98.24382540037904
33.76420975202054
161.02569827514995
125.6378971682402
25.438480062199474
19.177697259136767
180.50713009256822
72.9772347349329
401.541643805914
32.52031803287682
67.62510377252543
60.16296842388712
99.07973879320758
35.44770003083141
6.2600100768225575
94.88655072502995
70.0327554657415
32.974804950380616
225.09090408505048
121.27575616856417
31.055718270315197
78.08752929234532
82.03751891030056
72.87321329876947
35.717217816355905
25.027173241659643
63.12854579002097
56.30224880340393
178.8969105994277
40.51722132624404
201.51544390691595
54.11313727557272
137.81835191798456
34.23934591062885
67.62465403660957
66.94989671892672
60.519083417605586
99.40930319750943
65.38536462142049
137.81169344594056
38.83211220337486
191.15104700463917
52.68725390685325
43.07076748507636
86.7919807388659
102.08312275755364
89.2793650408125
87.91169308491295
182.7765513376658
53.29344075624526
56.248751886203536
39.345036524534535
41.687250939923814
33.17790721454062
58.513301536028706
30.467410527622867
0.001067011714136849
175.8040393104971
28.15956586520042
427.978556984712
144.57737692360962
75.83790547104596
1.5630663613228535
73.99478421959026
135.62458498124292
37.97224576034981
45.50992648320442
82.49107614773494
38.02393563640357
22.56304302686831
34.79339229582822
225.13657595514087
60.16806630496644
71.20679348210494
130.33430923949226
170.22374985002605
98.75081616467483
31.001096329830194
100.02786523979233
76.42060935214006
67.51982323463987
112.15155436551571
96.15996195855266
27.204033230544155
72.2518127665548
34.18158769774584
107.40445378897408
0.0008279981557279825
25.014075945149017
70.43673236312274
68.20931613532726
128.71392045286603
51.61900867701433
224.93540954589844
157.19685626075304
203.8467243526627
37.895764001982926
38.3498306571506
39.30971474942501
45.91806176333512
37.321586553030464
4.1951846688607475
27.777392150957084
28.709447802416335
61.22909211186058
61.568004255758964
41.69650979958614
149.58984108922039
56.89637581216914
0.000984416246258964
84.94151014229519
782.381591332258
40.33993883628702
478.70805830380664
56.27310840280916
0.001013301279661911
31.2652406335078
136.44001150262744
32.47312934289654
46.80356037796898
36.55605875897527
87.36732104506467
38.528951010247695
37.719893442020066
32.35237133221079
64.11155896484888
15.503452523303817
77.99387486594183
60.141265667296324
46.198658795171774
16.909875719636567
27.843868240840237
58.974612194097574
36.844840449526
71.79249992014728
45.0456331095309
103.44048776820172
32.770977275538684
33.13752429190064
22.927455840743885
58.40409824243598
99.87293366896421
215.44323947230575
263.5466840247525
29.193024001830295
30.577298360416197
54.13061882622993
157.92586889810934
28.444169158291267
37.938426571965
18.758686213830515
49.99274561830472
63.99747019719143
47.6063771804667
26.26637886752748
66.25405114042351
57.350057882937485
60.34051148360595
0.0009394852677360177
29.06808092811271
54.4514751508006
155.1786446114445
95.06870205919259
107.06594935603829
41.094433441658026
62.71944969605977
40.63868225993065
213.49223168679208
82.86867942263855
207.40905139061815
42.1928839830307
72.16152133456036
40.65185162123635
34.59576163506225
48.04054973434217
87.34658045883394
32.16449388982229
64.13873206917243
12.488212840340566
68.79173305794231
21.808957743327014
63.94284503753319
37.71177466235683
57.94300614101123
89.66442473653598
75.82544514047845
93.75408135802354
68.96090043140917
96.05271557985891
54.18786120495255
31.978713351819252
54.685141959607925
55.915229751353465
67.72063489999017
8.738391339816125
16.689585512315777
48.98765978219793
45.229011265900674
27.344633132162123
87.56954805144778
44.454030007805194
41.55455537964402
24.47902947091349
47.8879723656625
17.191279003699492
55.034143151962056
107.77836708331441
38.485450555862585
27.460756386656914
59.03786977697276
68.34608372676834
107.8103115489598
34.819831301285454
28.703175401878553
88.42621813926323
65.63749817080719
44.95714035973651
34.48571767271667
0.0008504950092174113
80.3614486174978
138.31113534115397
3.5846334114363083
76.49632323183347
61.111103914516406
79.58966973838082
649.2389826753875
58.33035784755581
63.977211009853235
44.44729357592268
275.01266090866613
106.88137024900209
34.30681340908798
176.5161368872811
251.0789611473898
32.81939936204177
40.782666039803345
36.61838685862498
50.031182023598376
35.566936882843514
46.54003684294245
120.92484783854324
39.749814278539944
50.027659283412376
158.4199068688793
32.42990621350452
155.33210175091142
32.63406297324004
33.86470048228858
173.6880445617568
118.58757259373587
0.0008731986163184047
39.529905146880935
123.59918413471209
45.28126565539348
126.97231753270563
61.553520045835356
165.2491468492245
70.06557972577284
0.0012341128312982619
40.512928757171906
34.482867435394766
0.0010431442060507834
12.584033167455345
37.80537519198883
109.3106631631036
52.506669413117976
41.557303175111635
83.91009206434036
31.627080630406613
451.7128741658307
0.0008201089471445552
13.777602542756359
61.504074924625385
31.101820745807895
45.879210004808556
27.896207354313027
26.004014301348008
44.77720113414093
37.55527340553817
211.09586170335456
52.19663624089394
37.16481429278065
35.1030909564523
46.180229518921315
52.68756187878006
44.55053052442363
34.10572157659838
70.07600911667804
19.744090201922806
40.455198214210284
0.0010886796517297626
62.537889453933296
455.57152718370526
56.25416560041291
0.0004031509524793364
34.705826140578736
224.98348999023438
43.7483362652365
0.0007811482646502554
41.707219293755166
327.7846020272805
53.875437106425984
17.507836284858787
48.8662403495179
23.08591559917505
203.73307990664574
54.78325443966051
36.174249092098584
619.0850264830902
19.229790825799753
75.07749009510735
99.89499689890937
32.88501014055945
32.96572563508553
36.28483159115258
176.58492654040805
37.53282728491072
80.47076136802731
35.1105079277967
46.27925399037774
64.32735971504007
59.83654045211653
205.484988304499
37.156460188897576
63.38569750420915
58.06282994915039
68.4169344674848
47.93627613861463
40.29859992496818
174.39441498107942
60.587084821716495
101.08783230335736
0.0006508589431177825
55.809750981676466
328.05520341653244
28.971950335411268
83.33263027877547
69.46323800401296
151.0142708567174
891.2648304406488
0.0008509510225849226
34.32610846689487
52.91456756453831
81.69139425131065
30.32810194587364
169.02289142155496
53.978554083611876
50.024669709220426
15.214712184774132
70.5569967846482
36.557825744478926
37.49473170908459
238.36901929007658
81.29308442739512
44.834164361208884
36.45028956403673
82.53126243221486
14.309258011269517
41.70588203921895
63.16652082278406
92.21945776500117
41.02823382310298
31.077090014838728
36.681494555739725
29.331116376151954
50.98420766665993
89.38446462822795
35.543774311066954
216.7740453106745
20.00199128155946
0.0015598397585563362
95.07520509156608
51.44724049164911
4.171576571119658
56.30849643545662
70.18962551366799
231.9174517900029
7.817198976610598
56.22142652947257
36.66182987748395
20.865163306094473
46.50545579828707
52.924993163942
50.05376849503731
27.28841647632086
129.07458654874318
836.2702731986458
32.00336589795945
65.8398781691325
29.675785062535123
161.4054059923219
16.9699767056556
25.612836036934738
67.06314037186404
32.14526804632624
113.25006104036198
28.22985711836748
71.28077838471908
38.653064675182
38.126110826115195
18.804129831286748
23.870400668249534
61.92747453596151
66.37939410975446
25.695202656377365
69.38292844917004
29.336423743619644
31.70367427096256
9.257659435745424
25.439445324033333
233.40631612141928
48.63868972202423
89.98541258766839
91.73567858763272
21.75872022918346
107.76813656475622
19.489944497490796
41.194108629255105
28.205550257170582
23.158015565092985
45.054091419106705
30.703183503640254
195.10953126959367
161.74618408184207
124.15043396358408
55.17589878872543
79.26937186254266
160.45781975537656
27.84693649852207
35.85878097743577
21.919778661680894
187.94198771711459
9.481953745719913
78.95510758538556
50.31720679039422
59.01063152809669
58.773388701092436
40.48831542967951
32.346425254510905
31.961441922705287
17.966527405502255
61.76667650442586
50.47930565905633
107.14995625727026
556.6996395110916
24.994567514963112
31.500737647151837
50.02624822373158
100.06969451904297
43.85453126432561
466.04960398047405
74.98859940266509
46.76848715172815
296.0974225933568
52.79149901383789
44.62835821077849
4.167062008946232
20.84873611640008
50.01774451463684
51.41397880232075
51.41050211693623
41.09947138625791
34.05568322113673
58.37966095432299
23.219473310696362
65.12976575652073
53.12236362839121
0.0003415364626562223
27.496914438912064
36.54059940091807
0.0007952402665978298
28.581458881131116
0.0007543242148434123
40.23805032899627
173.85228286728056
31.693816214506903
41.67786473523059
33.533904921572564
225.0330810546875
126.35003461847334
63.56935714843166
27.691218631760982
43.70770963537448
57.61434215623447
166.34791822500083
30.058633071394635
49.847033111328436
401.66949495428105
103.3153911652501
48.79057856313593
39.99662769775358
118.76867150754406
471.8388206615072
202.0504602433363
169.02641176525688
74.9907891091619
151.79729252634883
16.187734806084123
31.269636829663796
28.476406044061353
35.72065667697877
55.36050495148187
109.9159168219204
123.49202107256289
0.0005700887471903115
2.274568831516345
53.44570932488105
46.353657440959374
0.00026743809576146305
175.70662692559563
47.92505664196202
59.96550059677756
50.25622716926087
22.455023498631466
5.024305875931168
32.35721107695581
55.99976365580022
63.603552974893915
63.50329339308078
175.37536172749137
20.027387241731777
34.06015361490794
15.653331899690784
0.0006690085671531657
27.404658852522356
2.7787571982674613
89.49363828913381
58.37622589302676
0.0002453239285387099
56.220290066649056
0.0002814498438965529
44.744612316513795
39.60299384673332
39.30582275595225
27.89936866942868
20.378394283607797
65.24630283892103
35.250689473037546
30.99109849656885
4.169801721975091
1.5659533955255256
32.86437641123764
47.39346061853442
49.357377687024254
25.001200878358304
40.46588620979834
21.62343589787476
123.90318202583285
39.15813005129622
80.7349321208588
53.314318036952606
12.506368719623424
12.506412764017618
23.796150799042817
57.572616137059256
141.48794731997518
82.16610179359681
54.80885329074546
58.27453473346101
53.52422742860127
20.84274712456924
21.88435773816815
44.92886337926158
0.0002532567596063018
25.01724160350248
35.038680237232164
82.301627042231
101.5455299836198
4.997542804063414
0.0005730054884528121
54.33903505141847
76.25701574579048
0.0010789841180667281
38.7800514458992
43.996463535455845
39.62595417786786
25.004842789442442
29.105851265701457
29.33408479437564
31.25507417883273
48.746178443744896
76.6044153892673
59.646340138547274
40.36650260896638
25.014824776669506
50.975408683347965
0.0004999557651379811
20.290621356393817
54.47356175326412
85.53283116352203
75.01408909102611
125.07611288800393
25.003402709960938
16.677505678968576
48.08982776709784
58.35287820277346
41.661941855493446
0.0006585115292442165
134.8795722739326
86.23138119017112
34.245520572190244
39.49750952449143
4.167219831860469
35.88512594563579
53.99835538305631
39.87957893659837
36.11418284415993
91.73090651475165
45.93952287385866
14.281315475392537
52.99379181421093
10.185698376858623
71.44120345243131
58.790562942675265
0.000734204426407814
27.653944272367784
44.61512389128625
60.92473026925813
26.40329001966974
35.19144831267159
79.86879021789021
26.693986814145493
98.2150520176505
0.0004990848732025673
0.0004987586289644241
26.312533699723534
26.771562126850338
51.53870654006483
77.98710201094578
68.39494548676343
29.2208402925862
26.737289565888204
81.24407769445315
84.27073781688753
56.23745283425524
71.14849822121512
38.25473003448484
100.06332789940622
54.46778621857876
38.331090688334506
18.52769367603307
44.66959667337999
15.637841679264966
83.74975928675501
48.98501542830895
41.29840525469247
0.00045641890028491616
36.20560181333719
73.17543486849775
13.395890161790573
34.95661848599482
55.005779843464005
55.84323531894587
55.85412904198903
32.69452732518459
153.52698713954305
29.679295727244355
38.15720046791092
89.93096798464306
35.192753841400126
33.49926266537695
118.6439693681981
43.27547793552171
25.00971447203192
33.66630213553778
0.0009052862878888845
0.0003507062768524823
32.85277411365723
39.64405549394238
48.92861341447162
54.06464683162257
46.741757715573286
16.683152953343274
56.43559084411025
23.335014377735025
32.401905367476886
74.61581730682045
13.79787675951706
17.856021057874127
54.16418301320906
57.706484013403006
23.235441732257772
26.187643323029967
53.399593969585986
32.157431353588095
51.84655031380888
47.8893948036351
44.82892236661091
25.391143190532738
25.00394858791366
52.12568850131649
24.321197794187693
51.78187689735041
30.62670402789354
41.502740672740515
43.458931036120454
24.692791220807326
72.13085806152584
91.51506237317771
45.24545221891727
42.9312643135091
56.40691881105522
45.82209058966916
25.004518313095584
22.323764647875578
30.163061257205964
44.29272759036941
43.55591802636903
27.282843761993245
82.867231194705
37.94034849034926
42.04332469906772
58.769888575125464
28.21062333565666
28.830471915066944
33.693834361430895
58.24885837651607
40.8592213992903
42.51264098211813
38.97659267892784
43.64222527752465
36.2255179290336
26.261054234524515
103.23669404728444
29.539320643418442
41.35736107652862
28.50981676968404
13.780894195615838
20.00293578498531
60.71650730455171
0.0005417508160462603
4.998985994542454
72.28427002001976
26.52544702035786
39.62734465872533
48.34202381956311
75.50683531406085
11.250236094427965
656.2027563415077
12.505871648842003
40.01388504167553
20.159209159854132
65.50070976043428
25.009958917354673
34.47779883167823
47.09242139924306
28.764937085117193
92.37013361350824
42.54683640889657
28.580480578812058
139.7859688655358
38.58726984924246
29.26457335533029
16.347985377773092
62.51060941081505
4.166447301128453
33.33796531532718
40.63747254303659
62.66411754805769
23.86846947178153
91.67510803956652
49.18459509602606
47.86657835848788
88.06176171900634
17.10816898259035
29.176915452278777
51.62177762965025
61.178361039504075
41.66373252041403
45.267843596242166
50.28939284027846
45.63940091767448
32.338376010992036
39.455053519684995
53.37129661209863
26.205417543245165
31.716010584237797
212.64617535449116
46.742461279274615
2.784455627861866
37.335007715188176
0.0006427080370485783
42.16561189510404
105.84779289003957
319.44523181077966
45.708342435204116
58.248550843909086
82.0976066297705
34.71133495442703
47.353108684071955
38.765249318313245
26.423443515305745
63.26796758209583
7.4340489761047674
22.757259308053275
41.19248678188031
28.130693392105343
94.32529149730404
6.879503645729164
148.44155899252837
2.5002196852576164
29.355126413453274
22.130727477747662
37.450376310897326
22.70563040481569
46.80473883028881
23.94237296290113
67.71176325073955
36.12113880062264
44.22632086068832
27.74509465416634
30.107343832806986
41.80378171057876
31.270247005699275
25.771160820832364
15.627535969478155
112.47875657151599
105.09506172323763
20.857143062824253
169.61857121720882
27.607692351708284
54.11248085754906
29.06876501427996
34.023548506960545
23.754418722034575
26.79835600715474
152.4551350790317
71.57390957029193
28.02988243225178
35.69241685289381
68.75235017430889
44.53194399390883
20.04726401420753
19.59435960049617
22.65965104431615
90.95497633620721
95.91228135867536
22.565396034941987
47.59587017039266
45.277376466651916
56.72721184184089
25.002985967734503
48.875717352070176
60.66758533839364
2.5007202303686427
206.10983060991134
18.392778887217954
20.12359644125519
31.755717304594043
73.36037659723998
103.66942979089386
27.849288415266322
22.503559161239817
7.7812492708114505
51.81965796910533
427.62187733130594
15.28023760688868
48.52774140978546
32.00421798279103
34.15452925541278
31.916035020970792
33.91477516383658
40.87351580449561
43.790326152974785
32.3602799360576
108.45082930048218
38.643871487052905
27.43602832376296
19.273905670566958
27.51292106836398
611.0968121321006
35.429120718227146
67.77918759287363
37.30114045249747
144.26770321078
67.61001019493304
43.81623612968161
51.47073339467601
48.188633910419256
40.0321898358629
25.670534136235972
65.00019019193932
42.35222595664474
53.2660858570418
33.07032351936951
1.136912920420152
55.989980395255344
69.74124190155862
47.865482675031444
29.22772902181687
43.754268925085725
71.25344938966882
35.63360527981116
36.08553117510776
51.50596539436385
78.37304428667949
36.78001948054791
116.06088939516485
13.288648674683024
55.46232360434701
0.00034845433522908326
355.0128561670242
22.84096862244244
327.88734115243267
222.94076882203663
149.64643456262056
47.56735983992497
60.01696325676439
26.916337672124452
27.740222261280294
135.0047608640268
62.99578203340853
45.455949734176215
22.926112547553302
14.773801103116005
63.625297487383314
37.973832075776755
38.33959391201778
19.535612764081478
26.39072964830597
31.87590009994688
0.0006938619771972299
17.87017909788951
0.00014929016469977796
22.342883256170005
21.876054612601152
26.21621925573578
32.37625898874107
58.40454796048346
19.102294410887424
31.256146394226114
36.650445306065414
16.2154849860799
28.722776421661926
22.064309908429898
45.108664281863305
44.700609572423794
89.32937556450766
26.458792810558247
26.724689846326108
33.18518281793925
35.76924552610782
21.21326263019254
19.78928387845215
10.245498850532881
16.96787741967793
27.060085751349803
0.0004180883568349398
57.702179130022905
21.305820175680388
48.43939889493054
48.95014643950933
18.763974669770505
26.212764541427912
40.25626593524842
23.280898126053184
112.44723508265452
36.66841012656205
45.46911089188209
49.995434807791895
72.7901602192613
58.33834348760047
25.352759748322292
22.508526664628413
22.138200583578584
29.341271377934447
4.001257458851324
7.777992423021715
0.00021207990435608996
0.0003230915917811217
55.88252293571681
155.3702908182128
19.801088932883243
13.096683393519838
22.323035706515643
107.50434384806904
26.15815556857009
18.8420760883784
38.44455049901681
43.07288106048232
43.39177789250909
39.40744286559292
24.133546909830425
20.46312738136277
270.0253982658172
0.0003557666204869747
37.507308276675154
0.00015596370212733746
30.55937645520539
10.000296062809065
48.21191014068297
16.303996886901825
25.641629511046748
32.17985876795579
33.751874399288454
16.99980104505652
56.81739743757333
15.890253115064581
20.205778943789692
0.0003948918059298497
13.889618205571404
127.09757727165986
8.333393373681853
19.577618978285933
6.2558186183159705
16.911693362192263
0.00023907026479719207
0.000523589551448822
34.99977301158761
0.0001841750490712002
97.44499791598733
30.35694617680383
57.113520502833715
27.93889227789056
16.667071833047135
37.14582201491609
39.12760648164706
191.24103281487987
47.9819931476315
3.949471489447062
51.179105557846604
18.057466013427884
25.080888312737805
40.872948264640414
57.14169141092186
17.392247323356166
36.3651902711729
28.099592022863682
21.877276114688243
78.4737956562188
5.555778594729687
31.540007920416528
5.77800487089504
127.38271914338887
8.000157321783263
52.84280172867794
30.518647822315145
29.346223690799572
135.58142953161754
353.16068583423635
11.667683674030862
27.343351881625722
6.250026997817258
20.009484638614193
10.020209799781696
14.537820424950127
11.681935090486848
16.67043564488995
20.004789192159297
194.64545094407336
33.337908457581456
50.632338757067686
16.070059916917153
14.287162749709404
30.329081266844852
43.23006819433756
16.40932225366913
22.40056136000641
0.0005120022434701761
25.83604856510595
45.82697810638638
50.008840176949015
0.0005328862462192774
23.214139441799357
0.0005244547501206398
16.379971934458354
22.457620669686623
20.5392435107976
28.12251585180988
26.201435187769242
50.11144763135235
25.722358834126812
17.86228214171578
63.38556047921046
74.98720058579056
0.00038697579730069266
42.3439893755276
23.983433776185198
25.602985651712583
18.402266670707693
40.946134629449844
16.926148923626506
33.75790124749699
78.62983605280587
22.422965870805847
8.592174383052225
35.97732683298478
25.000277211680334
19.442856264337227
56.240471609950646
16.382169969029466
0.0005660421447828412
35.90241989647098
103.79077467627643
22.261495100137648
22.067017374023045
16.347869738432774
130.4044332020751
25.569109963477203
31.03273710623762
19.892451879782996
43.753286789543836
34.09960445595294
33.22291941244548
24.004079542822492
28.1315761399139
22.591220955602964
8.333239395054989
25.866059001656673
11.481888489127508
11.76511106602073
41.045082245634134
20.315879478593427
16.135166365539092
22.635938417517725
120.50181771751151
21.705985529836422
20.314474990094936
19.845003673490947
19.540753648596713
119.80345841405536
45.91358007042142
27.10439996464341
28.845313894004974
22.345234140170426
88.82397402477443
0.00026297901458747217
24.9892635345459
55.292946053275955
27.80560086013712
14.704531962551032
39.68036030952736
0.0007773477700538933
42.24225434265397
2.499595546752971
24.457340823794727
0.0003087480902401942
30.884973144990134
47.90869271430696
3.600690774252663
4.311202916534622
22.072753732612192
30.437307726438615
50.006298873081505
2.586690796513157
57.55302287356826
50.00405129187857
37.510749390674086
13.461797989554515
0.0002906518056988716
6.2512542562076305
0.00025452079717069864
0.000485584660054883
82.49658652601666
51.61761850179649
27.146222629048427
18.92038559201517
46.55862808791636
107.25776116698951
21.84122709235789
26.118125832208737
37.50653905887448
31.730194276105838
65.03692592061707
10.764268477633246
42.325158678684744
29.8303916149473
37.50613299265539
50.01005673350337
7.696482164115878
28.709130252856454
0.000408203903134563
25.751133570392597
21.930759751508713
75.19267682213103
22.790049389322892
5.3604666106116055
0.00023031399177853018
8.33359537324092
32.15138540236766
2.0841496113503886
13.133168281688233
0.00021868066396564246
102.21620160560917
29.051456455740308
13.891653460408179
32.47808874499684
14.770908914910086
75.48292880780805
37.49201021933042
18.129787930037878
20.690540296515007
50.00497379862327
40.629735218102724
0.0008065695292316377
65.00622755036457
22.57990462904995
21.87877775309293
9.375107466119061
27.403173263484288
0.0006223187083378434
16.37797389603581
4.412684148170897
104.65144349873546
8.335300406745107
52.49329411213985
18.830985103068077
27.28605822124911
11.906140183294141
6.667379843714419
32.1528663469965
0.0004124469194886677
0.0002640984532465356
46.30958488078128
92.77755159115574
24.037949969928203
102.68932971519884
10.001105036391527
25.89155265904583
23.868740232847028
45.283527790310515
21.100824259305227
62.09192417899115
45.01161686744017
16.976817629549323
24.19653555516391
42.602227744398384
25.006563476027306
45.85334579008289
33.50978738349583
37.49691016877356
61.18210330835188
47.4995321074246
138.04506061052226
54.9994058639881
37.71865944161945
30.526033695197572
22.014379229698534
9.86903120399711
39.72322207811917
51.791023423928934
41.38976827683768
12.504311436276112
25.004557934560005
15.9113614814644
0.00048600221634842455
90.00548355015397
23.960719978734534
68.52327498841704
53.33044433622005
60.859138543770676
19.89513011226658
34.20812946688611
32.50306522177052
75.04100341168669
23.293142269871307
26.11415895632405
0.0002166154202617084
92.3577297194102
29.998503130876408
25.001620910859856
15.326110125236971
131.25600692560093
35.72296219153629
75.01222750833647
19.646803138915207
25.00176572823875
20.544645077559284
18.371169304716528
52.63205563235304
1.1374292777186796
0.0007625691068824381
66.4040213065587
15.627287961729337
32.054808384149055
27.908229702660446
21.793436670478467
16.469626440580857
18.18249856295389
14.333654074682272
23.24934170777715
19.285512684744493
21.765500158163107
25.009950191234747
21.816752670786336
1.4713739136113873
25.001921488510177
24.159969247565257
12.504633762948288
4.170682054842473
34.152640663387544
25.017303463657907
37.54934908065419
9.995470131820184
21.729156661295313
21.673508020268734
8.587009451479796
13.249899056781729
25.006811907443915
17.382572527066948
35.706854549040145
22.508770577222382
67.9201304299037
25.824027191225827
68.78008033607966
36.53956749880723
15.002082599292953
93.61436292822987
7.689080508769761
81.2734421388086
56.48060255305134
25.000983381151308
25.631225880027493
18.096598824368105
187.4870997430158
20.118398582857957
22.729501141415145
74.47213646232659
2.7895957861287064
437.4716817202631
0.0002824043040163815
53.337587724179926
0.0003434463629673701
8.337703272734265
225.05157470703125
36.00581168499848
2.7790821197405524
0.0005840375573219111
49.61812059085682
28.513418401775613
30.88351856402861
20.461366130634403
0.00024367019310981655
7.813940382587134
0.0007005605730228126
35.41566091276187
0.0004019652769784443
24.41720260142756
24.674769073515336
20.334454282265323
36.369557193678865
50.00422596565507
35.57706305518639
24.99841996504013
39.28125662612469
6.618543860903628
19.267749749710884
384.37919617615444
0.0003350119630860198
225.00164794921875
13.885558683352428
22.775234945659868
43.18812489270971
28.72790364154298
20.05359438710179
25.008841253285937
10.002087775100179
18.077791889525642
4.16952609241586
9.089023583214923
21.019108238500024
3.1278286138067415
30.181721015802626
90.43626581062263
0.00026152852369705216
18.75419931153001
26.034722881811998
13.795547505877666
31.25533698450924
23.540204380098213
23.91660374804576
13.749177714689358
39.64056634227029
3.2270841030048976
21.366367038004945
53.949643276406995
50.04817808282678
25.002074304837713
56.95210752519516
18.98779884042856
24.44772685426429
0.0003271719821592948
12.143952905095674
44.99998635692318
29.04463150327595
28.12940623522411
2.679305577617502
24.436140635347286
12.498864013423523
39.48392381056276
27.00009344715665
16.915678950994252
16.144731716584857
14.769322143047248
25.999249820054246
18.64003875009672
20.59456465879858
58.8220888284285
10.00143231144175
11.48572736798446
0.00030722912278078083
24.57522219534264
12.509203586435579
43.54017701343323
0.00026725737046470624
36.497278618936136
35.728036526037094
20.970257134390355
0.0003437749110162258
21.16442067142078
23.217926881031286
49.45765994807734
18.442478391191536
58.3434268227919
12.211293687342119
33.8694003735596
0.00047914934111759067
18.756041413946452
18.42002160662392
33.04447637723392
71.59573476889182
32.149337418210834
11.903626180148335
15.631758916019393
35.88884253973826
1.28256243630984
18.630010000047942
21.150692981082102
65.24200998932561
16.076061443915197
22.11565147722971
15.000722856500033
12.154697205542627
10.607903801651474
13.335100041282567
62.1018413956058
87.26706815476703
54.21316959027414
40.81110261477941
37.54828515689102
0.0004378734815873031
55.93060329021218
38.4723074485446
13.42891791165064
0.00026130283367820084
11.249843638146718
29.616984157257495
9.846507593564334
27.818051685869456
32.48331555055349
13.315493900947379
16.72855046749245
22.14768159563258
13.891732040640372
27.22177636645226
143.7976808077917
82.34632198740209
21.960551720925338
13.753328627753854
23.43336068680551
133.03839229539278
27.033318125410414
272.06541617797984
12.083969591613823
32.25842589548286
145.45723232767503
21.358971897974335
21.035041804409044
21.819146961740874
17.359539308554645
0.00019685613006004132
34.811290058503424
10.297054605323758
105.60684715284782
48.31136194076551
16.89150266381664
26.941293077989837
48.81693934834133
25.99411051605394
23.703399934175504
18.800372224117808
2.788779508804611
18.102584663396623
27.904294567537807
21.967708632595528
29.185320236179717
5.771706257491919
39.0664867501841
42.86021985724834
10.576455873644509
54.30505575721057
16.942915894316165
20.7192210524586
31.248534048835445
41.58541102915757
67.26931611807056
52.06236131451044
15.387027103503407
26.100505572679317
25.002309420259667
15.577784220499003
17.832483749401664
69.106770300215
24.04235978432217
33.109812675810424
39.44259530122202
6.521925205362055
24.431905541025177
2.7849141279670624
19.17486617115798
2.5020903843911584
35.01302066528863
5.6654895587828165
3.849354483264016
72.89684060429904
49.49719388525744
94.49051975227222
13.416567918891104
20.326579331043956
26.314111659298504
16.669014429910696
22.56862967339442
16.006000565056322
20.371609408035916
20.45823188829675
20.192557653264778
121.5091934539293
17.7334570036191
17.290521543789325
39.2934164686731
20.4023616977033
17.76384913048356
20.673843285237666
16.536113532639657
0.00023064630692136814
16.949918065535652
18.14610436711358
0.00020220291003170132
6.25119252115644
0.8630235318545727
13.268107526743808
16.759304781952874
15.812464343881288
23.55721928011422
22.504046458517077
11.276077267601336
20.835913002187276
12.499071535799885
25.904486291910708
12.077803431202806
3.847275416210183
22.105290567486637
30.474829017322346
16.456485625008106
21.933885441971846
30.58310729265107
0.0002008029846365389
26.74374582270864
16.67349755417975
171.25388263316242
31.713131048555606
17.971320747019035
0.00020210033211956864
20.454503908071903
0.00038493281075110036
14.290752434426471
18.043648460334325
27.096080407874588
40.18101933700346
0.00012816068908705347
23.886139495543944
13.986925557249748
21.63400589217608
16.141784268977986
15.477141583156438
41.34163572571273
11.468139700329175
5.000215303356436
19.101706596347096
2.2733005220892335
10.300348073330586
114.5666815340463
9.737474774166419
14.128660914120898
233.7180174735473
69.89213731643484
1310.4452495347753
10.500195604762412
18.248627614306393
37.500167480924574
98.6842869729501
27.458364723317572
27.84771606948828
25.000780422951266
0.00026921959232595327
0.0002794723695842549
11.114681492656624
58.367778777985805
297.3047359508522
23.227728258864794
19.833362471683078
20.312148868702366
33.482488286436215
13.573058098261786
50.000833360647505
9.955866054993995
20.83231634809344
19.169435292525073
21.73978674434275
9.616494948440119
45.01978275069762
20.44996241908173
65.13909590832131
21.749235473066236
17.8628201737448
23.396731963219434
19.309046097541344
32.598206365311796
16.711045792298915
22.900313822951784
35.79556343954138
25.005668965880222
10.00234772265959
33.33003837865271
4.172212932898219
28.918362500233115
29.0004215467532
0.00018218166694948325
20.20997144004261
24.321755200268868
24.345730629534955
10.52184414430066
20.657439332823227
46.25374987018952
23.5316905136668
21.781126141439092
13.854835959807946
20.914554646416438
45.02320766822627
19.416175640156904
21.89193806411742
24.286035693039384
11.592496063752844
17.723401951182648
16.02132110929959
25.452435385227243
14.13067053706259
17.43174207280831
16.966027322756236
30.14204718936306
21.248799861328656
36.41413602310707
14.711324514434958
19.868675224612794
25.296894766445988
20.29484011304349
13.609842302162516
20.19275099410936
12.015015949013145
83.33549796503455
16.66755795157544
30.695427932949766
19.657207560006086
26.38521762025835
30.005911112356504
20.835344173358706
29.765900234042718
29.519767876007304
20.44462674552918
24.25949800623526
14.704203199184425
15.181219270412969
10.91136761114366
24.168845912943986
30.0912968385067
17.04776095170928
24.99858762322502
23.006702151231032
32.217867739963886
23.89237193318807
16.668125007799162
20.378632334819073
21.87703163168158
0.00031317121465690434
27.042704384569536
24.36060404755051
13.518517520752981
38.15291606723044
22.05988678587486
29.596292813518463
19.552181240472187
20.4534064390033
15.471346816841313
23.8492133788968
31.25396181953556
32.14396282096658
26.863592421018073
45.84613648232365
13.283264032450612
25.389797329792493
20.830650307808128
27.80438590377954
13.692477474671316
16.220590324180346
25.558057273890373
20.029535581260383
16.680618521988386
28.12470550228818
15.808308018766047
25.067835039012973
82.31329034463971
6.250751665415464
38.51328127422472
17.393423138274898
24.156942929248135
13.524583825641244
21.87572610581019
19.874020981867794
24.22116058363213
5.001745922745613
18.82810287614482
17.314022611814835
9.52562632438752
32.73383333067415
41.389398418131584
32.692863233380194
35.93558691334735
8.92846142387074
14.292498975851938
29.942720322158277
19.619705045839755
27.774189450585254
20.970975304278422
13.634122813770608
22.688108228185715
21.529778093560594
23.828272428540586
21.228305543316207
15.722658786654664
18.05617827407918
27.499717907986952
20.985008831235422
15.932975322049703
20.349404860378613
23.099536995903325
16.53321954665124
23.489671066479236
16.0339579050156
21.501898838178473
12.50088317760833
101.34787910982273
60.444155634802506
38.63684455051905
13.4472152235576
13.748638880799733
15.478536207498044
18.75124776236845
11.038514745240258
0.00028105695425686213
51.15100459756008
17.31640087235183
25.664429222129314
23.276037261248536
28.245928129501085
28.917061346824912
18.750548788877268
27.169777569383253
54.16671804516849
21.409435185840728
19.04848144217706
13.581156891352023
25.00194824506029
4.0546052727856745
22.64190044046348
15.387992707359077
26.40416199958528
0.00022581580681920363
26.453187859678497
32.69512878360316
18.481737374135342
30.59947531825544
23.880077470604245
26.668108551369674
29.89147765322403
13.373515222115023
0.0003082292969338596
32.12964292033731
23.36405689622222
21.05824148674231
25.003718462035014
19.80982284401743
17.072391122491215
17.0883102523619
100.01059713619071
20.212805805335314
19.500335284163867
47.31575378744217
19.93872377442012
21.857521699592393
14.999935046561648
49.989631728996756
0.0001612196318395339
27.382409573298858
17.70960812979909
9.491134003024321
18.333857778108115
18.79894828935696
31.5451096174937
21.791583218591807
28.89508110734918
25.00836425629782
23.276419301679212
23.61234929949087
11.433422080881455
30.77398192511576
15.982540987840423
13.97347311204068
0.00021672529419447528
16.46520033435198
26.142728997816455
17.80050622876809
34.01174698208902
19.643350689625834
21.521757492872414
0.000575014972127974
16.4794952108828
34.198124794508
13.954787524169882
108.30068762026106
6.253584500780562
56.25288191630773
20.468645007501685
18.479077188821826
17.725757978227577
22.640326237753712
17.74125623544475
17.1118826115177
21.311798536216756
122.92218447240892
25.00085554502438
10.886390952068675
21.05339528867233
15.307266438285893
0.0003878902375618054
26.49785285329607
27.99849842612355
15.72447668726592
11.058785604241166
15.403803305832923
9.376732247849702
12.857513917877037
15.63003373581114
43.60323452349723
25.820282218500306
12.952146459335678
27.725433592173037
16.071484235018357
7.739979619003732
23.07898087206729
36.672049075064905
58.746939339121624
23.514293088000795
40.00862100159898
20.455691462360267
26.248428108925697
18.84663393581719
224.98226928710938
55.6724227791273
30.736520894530894
21.66689824536079
45.01490365616773
0.0004441376659087837
75.02028492503571
