69.58229206666424
62.82921762940208
48.06618190998093
58.619159375824815
51.19367400571632
73.64969367616308
0.0015737770424623574
32.21370318807454
65.17373002558404
70.33803720989962
55.237577728574934
42.20727314209084
51.423703016973285
49.64303579646263
92.49100881827181
53.32069064935786
83.99362793367571
91.58079285866017
45.020769759655934
29.338990178301174
32.73779182840253
0.0017693625995889306
45.24245711760512
21.060098952875705
40.89753884858166
64.22047846420797
51.417384836192696
47.387295056448814
91.20147566533913
0.0015078810974955559
13.095511436268376
37.18750557559343
86.03354227984092
31.29010520915035
0.0013768469216302037
0.0017337924967120802
58.10363566796794
78.19839163501747
22.35021967668685
29.179441971647638
91.77020684962221
0.0010537374764680862
0.00182671290046225
49.30740001669113
64.38272200462833
71.05895270833703
54.28466132934813
61.42246378455422
26.03551422410722
0.0017932800110429525
19.53281693061581
45.839495810648984
22.349512685298187
0.001253780399565585
156.33628816981218
6.55297946431286
29.29313281684396
57.99677049735328
140.1335737169494
66.14398896964624
100.52746014345377
22.39711936087198
34.76505373001823
0.0013335420711276431
0.001574280386028642
208.44373556730957
89.75469522714762
10.675165550299095
7.103725453415378
8.229665322747008
145.9351824189381
56.942320606656125
64.75775286389268
82.33679828059343
60.586298472597264
0.002434988971799612
50.775549611051765
76.56010421717842
78.21100582951445
8.222543479807332
116.3333316776379
54.30736401374452
63.961035935041515
50.20242902705121
36.928515810663896
24.58470533170288
22.92245171581403
27.602077099460395
36.76595264406505
55.61979560344609
76.9907470672772
44.03207969094424
27.438491732033434
48.58263498401555
156.5326385498047
29.775329625566624
57.98650823078764
58.62769146009338
0.0009648883133195341
60.37820893529823
45.38927887750557
53.05408434476763
51.797393266509616
34.76357979275377
78.18713117497761
35.573233871969435
59.10584614588879
0.001591040228959173
30.939194272097666
41.603420191333264
62.14113609856651
33.98260665579659
73.21561113413719
39.90817320349985
45.09421549964538
50.420636526262015
49.488316331919975
25.65913420812285
61.185080789690126
195.45493882838636
8.148966734874799
0.0023103777784854174
76.3241487102378
36.55139085832766
66.16738345915488
33.49736413006239
92.17876876930781
71.68266663771
47.772696109396215
60.15448400383645
59.68308396937056
130.25111889022324
50.01172115669997
30.333865220839044
25.590799274002446
61.260292260556405
0.0011163391260197385
162.93292986320253
58.50920120705401
58.21947601089066
36.279065277772254
52.95008719457635
0.0012238595663802698
74.92594898672421
36.668911137258874
0.0014822607107427238
27.58875877587193
27.144926238369308
39.109320883490994
41.03588118310367
51.14616540108378
37.91576777372713
41.40530814431601
36.76768577546815
37.47541281471925
54.94484723711123
12.356864459912973
32.602652685188026
45.44504679895442
36.12749170608599
48.11455779604596
52.50662861333482
48.023863353164785
51.70972297087522
0.0011395399196771905
49.928211743807196
36.91655805032429
48.23484825749493
75.53992378110475
34.02760409090627
40.57458874639341
70.9414729325325
42.958332419629045
29.317928273568448
47.808120312094815
78.1812862789749
39.952830807009775
34.142167559578134
29.913952068798928
89.4062704038141
39.65264262744977
35.01652942424993
40.547487794312524
55.09822974682108
48.45193064492828
33.94401623112974
54.92375220805687
56.66508019569487
38.33900187157469
25.289272585859198
44.83505859754138
156.4241943359375
22.997805086279794
44.670564344535315
52.104553133815834
22.56271884669826
37.46232069814563
31.251401359128067
36.70430428882576
21.72973040786908
40.70422131525326
43.77905222198344
9.782258148454275
54.24955714658333
32.01615689709698
47.95544844198582
10.42918701240948
39.74127521439692
95.76109851788787
32.450762519917795
60.0972437383678
47.28802635188913
53.679236677431795
14.20755128591025
50.490015930483224
42.60408961680375
44.21208707004372
35.99835670593532
28.860956849250638
59.3397408053107
59.94541034717432
36.95884888256656
0.0007360839517787099
57.366113674363135
40.50288942747687
42.92000180541358
36.73830399781094
51.60103421005343
32.81794538093981
0.0009735338680911809
56.19194627513328
49.0762416491262
58.246671768976256
46.94653986153689
41.51453714284435
43.58588859598801
0.0012722656607539171
52.08272651369043
48.242248562003596
51.416439489662416
91.27217211662598
61.09761692786742
15.637079621029262
35.21776244757348
41.76939957240393
103.03077743823154
48.06512945973312
62.542281523899874
56.29387952994788
47.29167876512447
48.35710974994743
41.88058521637192
107.49835431946849
57.844613457491384
60.5858507889905
22.997562901416504
45.341572830879315
34.657933864276856
56.819932675214
32.85004448089574
19.56738253639196
20.842212351198153
71.48089851106124
36.31033238414758
8.684464123203522
43.08080797208021
39.069800185388885
59.58694525671925
41.16373189623731
15.840332112818336
42.43902348093701
48.28282459868762
63.13929278080692
44.641335198548326
32.90820107814292
38.106001465740874
32.185035869934
96.37429313516726
156.4661361018778
9.48450590091207
54.02492523252337
8.236766071441755
30.715462493173877
68.46260893999826
156.43324075815036
51.66904978009375
38.30552028495521
55.178704265941064
50.417671970998576
66.09115561103893
78.27076422877144
14.895053474931046
31.267444218452873
89.23190334316405
53.34092855957828
61.94226293039249
46.001152717132534
45.080308529200906
48.576758123600015
51.5163047635565
78.17178241776054
49.42378572777454
42.00176889851815
41.5901042860868
39.87641614198516
34.696455480023666
19.530316975949972
26.050821106133906
27.363290879516473
13.03177469319942
37.16481194066763
25.25271622859591
87.96534634689921
73.28590133720233
48.59770735306665
51.415839748945494
0.0009903150882261496
48.53311755424487
33.505035111063776
55.557007515211716
35.82411545616802
59.86155325226582
22.35517955994666
51.358496283588764
21.644310918588026
0.0013257406884804369
26.050456277230598
61.12873666176456
24.236724922689167
50.037734972708805
15.666482817393263
54.82581423696542
36.31078749678896
104.2707235999664
64.7448507165895
32.31591163306264
63.52261993517459
0.0011655758012478288
50.97074061802911
37.654651614057535
51.21218715476425
61.1419149525988
26.04525196913164
59.95131846017191
37.341514909494435
60.42753162838849
69.50930635462929
71.02346939318919
59.753323321605315
42.88784991951039
39.09493999180591
61.41341311790564
106.20358384886043
57.57640591236625
64.63929398163987
43.200946761362594
36.56728134565492
14.664646549457151
58.42039034230492
42.23300062206568
125.2321767157875
0.0006957127479836345
110.48799103703591
72.57003862018298
56.286542465904205
106.18513125194502
55.05689521587522
122.12653114365366
69.61965103065995
56.711832297921376
41.4667303619002
58.625718752649846
12.020114133479252
13.049266907813339
28.439413072102152
42.895537784969015
55.43454061687411
44.198122882513765
0.0019147326238453388
60.80982080671894
45.90941588032861
66.42277450280292
62.63589734293594
34.84031784023672
40.50334564412596
42.484662257715726
41.375257971338335
28.23944506202113
63.52345711993257
26.601412506292064
33.756471638262504
31.96040577726936
61.7233375592659
45.957789742880884
22.334754700004677
93.45262941750826
46.50009917610005
22.320768020348623
46.84750555868433
50.437798661097226
26.079232079466845
57.53145520415445
34.91163470705916
27.3727363982267
43.12469764844996
30.014966108366156
54.13017307946142
66.14004119503974
18.401448663984947
0.00034135571331717074
29.925399516950538
4.166794734644738
18.595698973829535
44.71270969001555
18.410831360827775
97.0649320466439
58.62889960784378
17.37555092721272
34.0966069331802
38.522222231488094
39.83010981774714
34.39758975838975
33.02132441881145
81.93445384507073
33.06981017541637
50.684693033045626
19.54007436034278
35.30375876017816
29.920165050456383
0.001461127307265997
46.188603853738066
24.127132813685556
57.03001397586147
0.0014148198533803225
41.477338068847125
52.85380483237232
62.78075680412991
57.314979458586215
55.35286251300325
22.75007376404403
45.52655882310988
57.65463830962811
36.67421552244993
30.87648875739174
46.90202883524005
28.94831228534113
73.9550718250058
113.33893465140136
37.37817934432963
14.898078862325443
39.73805111783246
56.440596981582026
32.38555248414715
29.834779590982514
62.49122380272989
32.44960341007011
54.493209953731196
31.02509207980089
37.47848528679306
142.07870850872925
29.86796257619386
71.20205330071039
66.11444494177599
24.13323956156605
41.422777451019655
65.83387588990063
134.0169442361886
81.93537796214655
40.65815429365612
19.545551666107105
93.39563538381805
61.431120532344984
64.99067867959754
76.58821583456593
35.53378145272919
45.33999300042167
38.562631774446054
64.29349362970808
390.7100474378094
89.10838667624746
0.00045514796511270106
34.916685928285304
0.0008961764785150687
61.44512175271631
52.109538187165164
117.24874357667431
0.0009455318213440478
58.61533211298956
27.622414023526353
19.9372149241993
37.5500903828477
59.456580841576724
54.977573628246795
49.744301431392984
39.83043275794417
39.37186696160457
33.297913133200794
57.15338350366076
0.000878463638946414
43.59539839865278
57.74887901194454
8.935150967768692
89.30290762253988
103.67942159283278
86.24535589494164
79.94822257272317
48.696045596237944
62.65410720087675
31.04660378022527
38.533867203191946
45.2265652580008
63.747266470414786
71.05924285612788
45.73752409067016
42.085448232455775
58.48694911095597
60.12057074047222
74.54387056613159
62.509448910153395
52.43411693773196
46.08905381976745
47.10042080767942
50.25698321352424
56.14865318909281
64.0335735985327
39.51227026968706
33.27362343268191
12.023529644522709
57.05501493664419
56.13076899908498
17.272453788125098
45.65331508123407
54.05378463467088
41.44095013889753
14.9440282050658
44.73160384350129
37.12115445396583
60.670825079321
34.05052910061154
44.38365817361189
34.58070976744582
32.74861023271755
44.49671561208334
27.629386606443937
39.63463643010834
32.255041584659196
47.77458880281483
34.38689192816365
32.68655558343232
8.688792457207455
77.50752232029238
56.52762817630118
59.07077236563941
48.55493036709195
43.37379751064338
49.968045155049516
49.971698353284054
45.024771023090615
30.986396846083796
111.38120427914836
39.93744560810608
8.916328270870673
17.5952484396621
28.559831423664246
64.45842264149833
41.66786197250088
21.319457480916753
41.44441606822819
43.96410205607826
67.60829280798433
29.78464859647266
88.85503578432623
48.07865034056438
0.0008108248812672884
40.19550900774443
46.347825138605366
45.42851176554259
66.14364566336903
15.646913054342278
40.10665104956608
78.20637246630795
0.0010566022247076035
16.54455472567385
156.26260375976562
42.85271471774495
39.10922253289027
48.85340642829562
104.64621299755946
0.0005590477958321571
41.058196033655975
37.19963831339639
31.255102864111976
0.001175484643317759
119.70186141682007
47.8426968452329
0.0007609028834849596
32.36840205634019
63.083533872444825
29.602253991843707
9.194085971227704
0.0008583373318497951
14.215659653512182
29.29616988399721
66.67100880200451
40.08247825149381
42.56566619452652
33.4533458358969
43.94688104445628
33.31374479870275
48.81631537659426
49.31079926750638
83.2602310918522
52.37577989080071
23.675951054146196
46.234635950345606
41.51869712994135
43.70525588006271
36.70998013756394
43.980013613989705
29.818445622194215
70.45059244369622
49.183298264953216
39.08911206821046
0.0012891449344654877
30.235452393200145
41.18262604354751
18.80086386672897
99.55581527854189
0.0004747492348542437
42.072041717385986
40.8243636444321
39.675494805727574
46.51763848420939
100.75005392333841
46.879555653741896
63.114775664935365
51.89246531279467
32.042838208789526
52.09441059136966
27.906246987145657
29.314365192069793
49.17530712348676
52.084821472584736
26.06902405313133
45.70574111478139
41.02764257991512
15.985561538288742
55.83125924698616
91.18575364976924
40.224579333995386
51.30465218420795
0.0009060668145628789
46.0744493490171
103.09490928763329
45.86300094605286
47.374224146770466
0.0009416897193295881
21.247137265246987
31.49051316620176
0.001200256102796023
83.36620895604138
11.86126408425376
34.69231586249196
41.69261227555156
54.19548546159547
35.606187235742496
0.0007627114246133715
24.86734649335353
0.00175300776027143
67.26366324376741
0.0009040450692593463
30.008287418167946
44.17521083103131
48.86606377748831
21.037781881183765
10.415652284718817
26.059431314433834
61.04104188659494
60.470915587078615
21.992406345322706
70.56206986993028
8.447761978731865
30.796440076391058
41.14859207184414
31.145268463456272
21.973011436783054
70.32318146472389
0.0006516369976452552
39.27084056401888
42.47707095936082
27.405314656358527
32.81229422727556
0.0010050596320070326
47.30022458371011
39.070603568368824
41.80894293949435
83.02086920196598
28.9528403751523
23.488797223913327
0.0012008126359432936
8.44833687079655
17.36401334027242
39.7684453861214
24.957071586538326
28.910158558674617
7.440793940585406
125.00452925281715
31.966661003008166
35.5232823428338
17.054126879574586
0.0008780472562648356
47.44372036862495
9.914893646805426
47.38211570202609
38.45810988549714
45.81650106266296
31.76280307772663
22.896664881780808
35.18194084574643
36.77192965959006
78.1216441561839
12.214278836349695
0.0006224005095039805
37.67474461089591
18.35888820674044
39.068695466416784
76.40038059656185
0.0007524892047513276
71.36378165220547
61.405208002231596
0.0006976230688451324
23.680320740292487
37.27376915060297
32.07093026576891
53.374495609605525
118.22593319893113
63.68903326064273
8.518851806509621
32.94738555608577
52.08121961337699
66.0304807455443
52.09957950819322
64.09405570225857
38.223259700165094
122.11368897260763
46.64665454290134
50.964099771203344
57.26813136024279
73.81300138380983
22.988586281417156
25.849115601876907
16.9844093425734
43.412316254544
64.04335549588804
77.54315482115041
63.31046827381518
17.849269943298516
41.8087131651352
46.68031164050227
18.029572198903434
45.29292901170143
97.74035601650576
17.497913878965658
60.3958707372314
51.58142777440467
14.067398647801602
46.06761337336082
43.43699143256988
31.868616959105175
34.22804145015897
39.66979341614866
65.10891682542085
57.38036976340184
40.133824155119385
0.00042192250839434564
89.29897748060883
66.66981767703221
62.059880443455434
45.14834984686679
42.52912102209238
27.194538269257148
58.64312238721521
69.45498648143581
201.06007679137733
35.25638258785229
36.82664965228993
52.1286942405859
40.94539740206132
27.681940901204577
83.7381987054983
16.740199765508027
37.707135280479854
85.85395811930127
52.08730977407605
40.654892617477415
71.02259520834824
38.72003892447501
37.738771700457576
45.276530612687786
22.09388561310492
32.90772832636588
47.718728727937766
36.39441642548687
52.08524705976306
0.0008460258304694435
52.61798824930399
42.51009741606076
45.829165811947085
54.86112479232095
90.03467958684222
178.5874313431393
50.379254685028314
50.64863126132552
29.89471664716999
41.63580543105902
57.899472244734945
26.61686320405995
58.903338876645115
71.94838587227886
50.547758280510074
30.25212466067921
34.730701950068394
54.099321347940155
58.63341905050523
30.99007071125028
36.98423538762691
12.03070067802671
35.94870023237585
47.7906996530312
38.59269232185983
12.505055572797913
0.000711155022145249
31.202339282841656
41.63292138024788
37.11733011008239
33.49644034107717
44.03711367167489
35.0229199226406
27.044935077962762
36.86065241888485
23.04270466948302
11.639136279033645
44.12121142156146
53.18261159827549
8.224297589625502
31.25377910688985
38.23933857865013
13.208821265224248
0.0008072953860391863
37.968051558490096
31.421378118329567
13.459337524497665
39.07331863442232
25.205722773100028
25.74602499109239
20.207510071626174
26.048598441694292
34.44506565980339
35.95109909834968
25.016847098064304
36.48174886397089
0.0006843410231120853
33.952773328201864
23.526459926241806
48.84242720046292
21.873000161619274
25.39541402818686
26.05641763756189
24.413884269435425
0.0005133518383705191
0.0008933344215620309
0.000466814888308623
26.734318251687544
12.87915312042967
37.96930623351384
21.955037313958762
36.1400285892676
34.48982707456844
28.171699250531166
37.02642970315451
104.17480604220327
29.390881854962878
29.11902892757248
71.33775137093285
95.34685086671671
37.457980618829474
47.54757097675107
29.81530004350879
40.194081498452995
39.0729969424865
0.0006568165845237672
27.181134530417616
0.0006502174697483756
44.61164839598656
39.89281014115699
52.48507898676725
41.41849651451133
0.0005276468792645675
24.76914812188813
44.489897071398545
24.524470817255754
78.12560570611072
30.50826065908624
24.313791882794774
28.778762324597302
27.367742399236903
4.340726052266594
37.35784998737786
42.6907408473585
45.38485453390721
31.890511304363628
48.69602324332078
33.13160887585693
16.19209395871088
32.31679646024567
46.88196335610177
37.76594095082637
22.828376133654686
12.095709526569667
66.52415257100895
47.21279845314924
27.717745786598158
11.070653790596165
17.406268194972508
28.72998691410869
50.08725030971173
23.95602054516896
32.56977195404276
34.724072192464114
39.47458196892495
0.0006271630595923246
30.906793255301345
13.022465006897013
0.0010745535168098287
22.72668818824651
28.38567815886114
13.58923853026009
65.13580163211043
31.8917970276966
0.00046108741419933114
31.31687287691412
44.4968386559829
17.908871704049943
0.0005402330643846653
28.24257770347356
52.31216517257998
26.93959556715357
3.5533717221405823
34.97203237300748
0.0007792898322804831
40.15655583464771
29.15495762337926
25.002293555325586
0.0006634857220758152
19.71615517646668
18.377960975121287
0.0006578610482392833
52.087695268477304
0.0006264927318018939
37.33659598994716
63.74781647976791
16.603296399120154
0.0005221290957706515
0.0008286642259918153
55.04770604409731
18.85559977399967
44.65647729003805
38.06993523596927
0.00043800131606985815
52.08179821089612
20.165378019056188
39.73453363311799
38.756342564735505
43.75066891720766
10.416626387222399
45.340308239403434
104.17837714969937
10.419441205531863
43.777049729068345
18.3970171869313
22.324057701405504
24.515641519211904
0.0005992445920128375
36.76442466587633
175.80275182311016
27.696503624697886
29.201698284525687
21.55442352260459
42.16769263537589
44.2304491971799
38.09800941603891
45.08912835692138
52.24052691267365
23.125674280080684
28.506299284825825
20.943600873205664
33.234422125948186
29.587400456255764
47.88351759124787
10.421760327556209
48.92713807519269
68.38368542429933
0.00020662727567671228
103.00337603923418
60.77744345929164
47.213040433066
0.0008020428691192397
0.0005809311494106494
13.196202078493387
58.850730802109766
42.68280295998882
39.07406128736625
42.1593971681318
32.05135801121855
71.01531102065861
39.569666072192334
65.10819138809347
29.95427746034507
26.977965828082624
37.8148464487783
0.0017282814951613545
37.383644769520494
27.820763315712764
0.0004346295124075065
37.56031468198339
52.08377083841333
61.16399364663002
41.36728962926239
29.836006611814256
39.06942757050112
76.70477305607511
42.10557355102754
34.992529183692476
33.89278874646017
21.729760665926054
28.18174435602818
24.213072066381734
30.258224022244665
32.109994237537805
56.26727761335453
35.99805547244377
31.078467949463892
5.5925263839100285
47.2074882761246
81.19995892045442
34.72651560939347
36.10439205747785
40.395586457887134
35.012562044130775
38.31917526418965
56.43751978651638
37.290093578347
27.382261265097778
38.4289244655477
48.663191653266736
27.006433828525086
42.38822029734353
34.976583401893656
33.10400071371748
13.304718990440174
34.421245824801254
51.79191103099757
36.66563120042559
20.66411119565249
45.038941137747095
36.97438946919567
24.15743324007096
36.7723475815184
26.99097020613179
0.0006663668773398967
52.11930873185405
10.419483358777748
58.59685013821339
14.51247419946116
42.6703476511471
0.00044956310537397966
57.2407260305676
90.31669638649089
312.50027826597216
0.0004397589987742582
36.48531445610998
70.80348241463139
31.963723091777698
55.412656679734596
8.338616393814155
0.0003468810214794108
0.0007437592779751867
34.53988291038557
9.769156465282549
31.25187555878365
33.662807839687225
35.51948265945595
0.0007937044312711806
34.426812847109446
33.99329117565187
90.69594679336326
0.0002736559836193919
0.0005524413427338004
49.2508136580006
54.583613656636714
53.378562977388796
88.54862172474552
12.128088619837932
30.970784124294905
0.0004399498466227669
0.00048456179501954466
15.026042716365563
44.90666683873346
57.841131712606874
51.54489330671155
75.1847719687979
18.128102925552795
13.339905657549647
0.0004472016464985375
43.9432844195826
53.09047684105284
26.037977358098335
50.10366837968837
36.46457915875968
40.00955434384794
13.399044967187885
30.553922483197123
0.0005263828417001707
21.432345714335607
39.0460880982464
39.0910892784846
16.547283006115986
38.22491122492647
12.509619894370262
30.91049261882453
34.47869540704517
39.08798734560478
8.223429582640069
0.0005184288966120221
0.0009287110879085958
8.22403891435696
29.74206679985927
62.52809215299009
42.33334817832435
27.24073334730072
25.775243983435637
0.0007470469518011669
23.002620108564166
29.49673065400132
14.240496579864406
46.329748588694756
34.08711106252439
6.7917920055535195
27.180899556492438
20.678341428118394
0.0006006551896765208
43.274352320642286
0.0004906583894302861
39.08022317891264
32.34311808399221
55.36838112593432
0.00081077721551992
32.98143095535342
34.805512077803236
37.90206996420046
15.641309541363444
5.395932592874498
47.31506352309816
74.0591711182259
78.14657447434729
27.997283994517108
27.837971627594285
39.06760609907079
0.0004075881637011965
45.97718539412859
4.734501364609142
51.280629827813186
32.43212167387132
13.228464143302547
49.49147932707116
31.25274268226058
20.833365219362168
37.84968891025587
0.0005886814864684961
14.553046073744929
51.84606145986485
37.500246178249135
78.2233752819102
53.8239779161657
5.7866449095713
50.390798038924146
35.75046670394147
30.549609220030597
19.743873941288065
53.45990523003121
18.136981911423938
10.419756133890647
49.88632254269203
0.000612952029769076
24.656893802779418
14.883181624707678
26.843871279992694
11.662216276370675
69.10799964252678
39.25725861274517
32.13871911763167
26.043805568223434
19.53685380918614
5.786867179296206
0.0004965458065271378
16.737670386248283
22.89340394425322
35.47609247136601
33.00278630669518
23.080744098783477
26.59234837719022
28.498184363105683
39.55529675743834
26.857630362560556
34.841257954252306
4.340707592601575
15.094021033720226
42.61654166454041
61.04114032873622
82.03749016081929
30.5705913495314
52.07523813217025
37.49056652926244
39.88639520419902
36.707495340566126
54.295531868866675
21.30669493410442
34.542853503036675
32.55560528124139
0.0005468789111344247
18.424342055916846
37.13247922195368
30.297326326865228
23.776128826496027
18.19043159649719
0.0003950313839595765
78.12485902948902
0.00024540691447327845
6.303949643060355
40.84298548930317
18.505062032975967
0.000684969691792503
38.85077224146938
53.94974293227175
28.142609750223595
43.871559559367505
0.0003061124327359721
89.26889449137732
33.49790100024767
30.39636260209523
23.654889298350053
12.34021536927297
29.57411304187702
46.88453508896091
46.88075852942711
50.149695481159256
30.006129566999313
27.872080008225332
0.00042646462679840624
58.18133115196674
24.050436937720058
26.329482775415705
62.28618612535297
30.005411595283594
32.08467251554171
37.57992843694648
74.74793975839945
26.530981771569724
40.74344927323584
40.79208771776651
79.91122210902044
12.704285321080988
26.460757702750747
26.717574560158774
42.97445672826852
18.698555357871072
24.065252049299584
28.689928562620988
21.95940836185232
34.275719498879255
43.60080018707196
50.3650158790464
39.08101063500364
26.046453017811093
32.198902638590056
22.653576286154212
117.18840042003254
46.641469797373134
16.41662366636665
32.69024984793143
26.60572505170063
33.67511467383677
33.653091338524675
39.40780368636387
40.54226245655573
20.700520414026784
0.0005041219022435447
20.92774622105737
132.81772502753205
25.883538953557355
34.63892693167328
52.53404042833541
14.23484780824087
45.57542129755055
37.18341142108086
47.39856592398365
49.011365146052015
27.28988204477943
45.8060146579428
34.938956927992244
29.300577623933048
72.92430227147551
29.77247439141438
23.02716694963627
21.969228573734654
16.199479898850193
18.303199517948876
30.00525892259055
33.73111043690706
31.260328560773633
26.396424618353
52.09084672237501
5.274764096935644
36.271919490230566
0.0004041393582762491
19.202153229142993
0.00041169640462612733
45.17172055261749
7.947277727678923
20.838232100390936
34.81394725478964
6.167017218287982
60.095370455673006
35.313211064430796
19.003725409466504
0.00030853224234306253
0.0002613086107885465
27.820118638794142
0.0005116659618319577
38.34716064711611
10.971123878289339
43.75417510137132
22.32791242588721
48.826564372408484
16.936665573059084
38.03811319093553
29.576964550821774
47.14443147315317
42.494178981681024
0.00031045513969729654
74.92943711393657
0.0005518470231133202
55.81766068417788
43.04952573792623
44.017270889310105
63.73687714203742
0.0005532400424878384
43.84376292905576
4.342207230535274
0.0004812232109543402
40.377091234571225
43.11953777296373
0.00032842244410049816
38.198430041198826
39.066986818725596
12.733121416187943
9.503870401592271
57.46383435144301
39.9043478271088
45.592005412254366
33.8138813084991
32.76645837111058
75.08330384759769
85.37679368907818
31.27740779525775
10.983399228654548
47.86547738792091
14.753081525838912
30.437844698319566
10.158980508349886
28.512836129049106
13.951308161329962
16.280887022920677
0.000508472447108943
16.803273195968437
45.83037406411775
25.859873566924836
19.109170596772472
36.29104212190551
31.260206831028334
19.531478421437996
39.23624299591856
18.300238450360677
0.0002575311753187432
29.66689262294163
49.861321215851675
17.366551716302638
29.166104856089397
25.556360821372017
39.075983139349944
42.363306078825914
20.01989078916414
24.458720554225163
34.501020743100455
32.250622017140564
17.02746285793616
19.076670950171106
0.0005582829471677542
33.7876017744599
21.449057737888655
25.615805095789447
31.83746281872886
0.00028390179459865275
0.00034645270651496613
25.3698431582641
0.00033651581907179207
0.0004008702237894925
0.0005479080718941987
0.0003348722908413038
17.45228450227561
35.41713319096588
7.813337065042288
16.322666657852483
20.259979021754297
21.703984555490415
5.388501329358735
29.292126820774836
11.047563073244943
59.63297329968243
0.00032030265235031646
9.644046766212824
16.360102975350195
12.018099558661842
0.0004334335504002714
52.08215840763796
59.7425423122954
28.408786922372613
21.307019595593044
0.0005701613263227046
19.536584074111186
14.535102090980788
35.18846479562126
32.118617202898086
19.534244026147235
29.681342456633274
42.972898298385125
23.68639904815372
17.009307811578786
26.209518745787665
0.0005060225230408832
32.90043222795803
84.86213403400676
26.141609374157426
22.583327914458888
6.6816611175769545
33.45171985044376
14.906867919654168
19.567458812680343
1.44718962281823
25.67567953381267
18.950977623398266
0.00036723101787656024
20.393306510588545
32.64076102029832
0.00025072344578802586
14.201416751849882
32.65692616347499
24.690282603095625
8.015687626789282
0.0004182562730016394
41.11784559615937
25.39964583488509
0.00028084672801644326
44.64180242659183
34.7763436688665
42.64044766891716
22.709821286360874
31.25547656255741
35.814066609816926
0.00028121297267110396
32.2175006383184
6.795942164886346
33.43995517094136
26.93990733548093
22.959924730507446
9.192558039734756
2.3318837746888104
0.00048711968808371847
0.0007270410424098372
47.51397130037544
14.756643548864668
27.138206589019926
22.036018345288305
7.623305419136314
23.679095910221584
24.183873214683054
60.32990550803368
4.451319755305432
21.55101212835262
0.0003362873508844392
0.00036846508387329606
21.55739094548542
33.100371893281235
16.447150528447597
48.60275631144911
23.72424383143607
0.0005363310871568198
52.08258398597123
37.84124478985223
46.50776317502559
8.764668483872283
37.880831319992524
7.814479125207299
39.06984726612032
41.50972208513906
22.00560645523206
17.77576180603258
36.11475332642563
35.28453314728963
24.857607856868665
35.48423546015934
50.78299225549017
0.00032615204175575246
0.0003104109112731142
18.947293805872892
34.32493927403938
17.33226386313254
62.55109379498754
26.04412865112049
42.48888031289614
14.207728456713745
21.448206107099967
27.601741772326733
46.301076994161996
2.298205634149353
20.003938247985776
47.43023968962208
0.00021546889628451836
45.95640480393473
48.26780021499133
30.799839809261016
0.00036054479035859305
39.09425306984515
35.03055358519436
25.435434794080848
27.17704838448196
50.138713851988115
27.13837649062664
9.19027507595381
25.731223933982157
48.48572329616238
27.174879773988046
34.19337731292552
0.0002409800399334472
36.37205435320193
14.763241030686748
24.041101140507287
6.512239895880612
65.79327671793635
45.000878543021344
57.67623857562893
208.35999019804876
4.883403811192693
97.70128151280514
0.0004515306864050217
27.148286863453382
6.2483698378626285
48.083047386463875
0.00041217554826289415
16.927005353496074
45.35463355326916
40.87909834960763
49.34834264191235
0.00016882916679605842
78.1702067037456
19.546754415300978
43.324149875873196
20.684756551290747
67.622347806935
59.37763442610085
37.49760974484612
0.00024820361501215737
24.24526128631059
36.050610689686415
46.49448165560049
28.80447022600103
27.281185980212445
32.05041587993248
34.543132542399256
17.008700393132298
27.441805699326807
208.47453632011698
32.33213053407981
31.600445973421845
26.254196452833337
25.198046238421703
78.09023074791185
29.348287034205224
26.39740720982103
36.783726649958254
26.67637830133015
32.98682677805118
51.089498828959066
39.061608691490164
32.29358259141867
187.52804973316196
0.0002265557268401608
51.95211093882534
15.62706782170394
29.75149035457637
29.13137162194212
23.39620436493179
11.519107912542697
0.0003411171975657405
25.309343327695
22.456633257973618
41.95951797975969
33.82625643485897
0.0003045550684328191
35.80172598211556
28.757513156007715
47.11337389972512
20.94854503202414
25.864157726370102
16.6755962297028
23.53838479606387
35.16551973694671
21.701702772835134
36.09947033779255
21.747565536784773
23.975183700203278
28.409304925009977
39.843193842745066
38.197026067990386
32.88585977663216
15.322871023076575
30.040029486606134
0.0002501133443920959
0.00016762789891799912
32.395119066547345
26.55766590742712
89.29175223305772
20.190671007255045
23.594335144435348
0.00027216149045181315
28.820102597586164
32.0199259133045
32.55461799640003
19.532753155637348
16.02584553771631
41.05383018253029
17.367312492213163
16.98169735387728
0.00016710085183149203
30.37597313671644
42.8426484801858
57.51094326332571
1.9537401353967652
23.441947280752903
0.00029988183800574357
41.99910307172647
6.95579947813138
50.15043787850534
40.48153199374548
11.171227258939325
28.67846495345934
21.15987097740229
26.394391893820334
18.708426544533594
21.831293874241144
35.51667481394576
0.00017330427181150299
38.2146794103113
19.86226362941913
17.468920770155858
35.70145075925229
24.25085007811353
20.39714066429264
41.60930895654759
19.035786265486514
42.4630077507313
0.0005316551687428728
33.253265062121386
41.66460837419056
0.00027070593932876363
38.42575519650984
22.15935693702016
39.06377164735063
22.32510596498554
0.0003831207977782469
45.005418728845775
0.0003137964279934143
48.081564734807706
2.171227373756766
23.41902938123525
49.94632061183546
24.353667042980117
27.79302214551224
21.553288799985793
0.00023567975828579316
45.668910459519175
12.137310105021236
23.156576023443215
15.003436203920268
17.1910295704756
26.93486503281703
0.0006460606760811061
24.298208106350156
27.90998975223388
12.542095975161358
14.120053567020486
15.729843572011045
9.014449941688163
51.439642983941354
24.225648116543912
37.23259861883723
22.006067313828122
19.861201170094702
0.00025962035221406646
18.167594482515405
29.486996954396915
28.409143867755287
32.90055885365359
49.735039948553215
22.536550637332383
32.558734622717644
26.489525978202476
52.72592968305876
36.081102057488
17.000507342119594
15.85764878290291
0.0003039027413416823
22.32227786501281
16.893670265741832
56.282295300320186
11.531070606818488
0.00019719152502754392
29.365371615575818
46.3369008674333
29.399130599134736
32.55150009374373
48.077497904308004
15.53831001493367
33.676838274811765
24.932342071346294
45.93358109721244
21.958976005386567
28.040676441067795
93.75599322313319
8.222167289086237
20.586501806261932
20.94723360198757
41.64034091821132
0.00030173610144225275
14.7244816180307
36.89877982455053
0.0001364105895239239
10.850519493017853
24.04119137408361
19.535790876799865
0.00016925326781347394
26.68647810301066
10.805261224957286
17.83308766727132
31.312794713227554
28.286540244990178
13.020743405181824
21.701804843461787
0.00025953158660126357
32.46808670466582
0.0003222694722353481
0.0004386451473692432
0.0003003758055887087
43.679568860480565
27.03681154103917
29.226910179181367
1.6989984735001875
0.0002596322592580691
12.134705481270274
29.919970084718468
28.417932759673544
5.492092044976161
19.821024640513354
0.00042731102560840856
30.91738064745428
78.11799668672393
26.00706233846649
6.806307389142247
33.756473476582805
0.000270510048721917
10.418836555811868
33.16793704496785
8.493942288343652
9.07411316196279e-05
0.00021392226335592568
36.76825633866846
26.641297285540272
19.1815946283234
15.91986595395853
39.06729527819407
34.318454996310784
20.353134979634255
56.42232619947375
33.20659974185819
28.41104482115617
98.38986969667975
13.030022755708918
28.41573171248439
35.86041830552038
26.04562439541499
0.00024224156489556967
41.58903612758245
34.037093354455735
31.088862917901924
73.52825601765637
29.42560924628454
60.102307285351415
9.01541387580361
17.93050347738465
39.06495956985643
11.224574912455425
0.0001851404522312805
6.00706079410604
30.25784885813695
25.004426317683578
94.88793152331242
31.251410025168454
0.0002093443454214139
21.979855764818023
66.12821141059248
18.07768853333374
45.47172960588855
0.00036745541971564916
24.947634507164015
43.49208858447865
33.01517611469092
31.254230953484146
0.0002267783711431548
13.214363129063926
46.884820983435205
0.0003047037797451984
0.0003905167730408721
0.0005054861734000345
0.00022103648734628223
56.82069991591049
55.676963011992484
35.51083236100306
8.680999433508482
4.340155036854615
25.49492339489582
14.170688836080497
14.03297488679794
12.606139488677062
31.259352811500587
34.05706314465387
9.194862121232077
26.042818539560244
17.313137894343754
44.10572106431767
34.8746052751179
25.870157018094318
17.363579118828973
75.33772295117424
18.94663364693516
7.622229074595297
30.620032225046778
51.50439454429679
26.537940718925395
2.561872649028433
62.77745842058097
0.00024198242533657321
3.906486353190485
22.81233402439466
8.563667406183674
23.379049502276768
0.0002461306143873919
37.007522472759796
37.76958775663164
21.20937549779101
30.623262855766654
27.577399399858116
0.00022942217474337668
24.419898698536905
0.00032693895627744496
0.00022762432286071999
36.1055791644855
29.918342764161608
39.7069551042896
12.415137257818468
156.2514135020377
18.16920742061541
20.31481024140899
15.627204150236594
48.9052910270277
32.89471550345241
45.87253148590407
39.99575050412425
0.00033225567555443075
27.57908154449473
73.24573423528159
18.70093274179946
32.32837555770057
40.428784488343936
27.747361472322865
32.67559908667974
0.00020157444171976143
10.417574497831447
26.762993335317876
41.414612654096054
45.592937475311295
18.500457719992387
22.94413786338985
29.139958107349756
32.64348073857203
26.04247008042701
20.384021533768582
12.50308496085916
8.67851818883072
41.669425401296635
27.900917361357852
0.00019984183183458464
7.812222276156808
7.813670532079141
41.98318925399834
54.06624402864961
12.256485740125807
36.60248353642937
0.00036624773929361254
29.163890445542727
36.526642607999484
35.61496619747647
34.44217950934822
0.0003354325541901441
22.236457716429427
37.67081344696518
21.139148752530584
18.758459732191113
0.0004060473875142634
25.462400070893583
19.08975878739993
34.7339629194924
0.0002553460123057117
20.836391484740332
48.418472223085836
20.533787529787904
28.94708561940568
37.96360362887374
9.114769628673123
22.378102256324805
38.59639700519638
19.259266972080447
0.0003274318263114158
5.209788289191783
37.74371921441431
26.86131150604558
97.7036317599759
20.215097436060415
0.00018653018196346238
51.252100517195736
26.30916862058847
34.9257649871425
52.09214244033743
0.00019347732086316682
50.87285685658125
7.102520166391927
13.05206040680514
45.47894206689178
25.437577177794275
14.65358884827476
0.00015930840163491666
24.18505280757007
156.21383666992188
44.54749563511075
24.73149152852377
10.416661999559073
27.19174250284746
0.00030037857513062505
50.22782249316723
46.229559264312314
26.284867519657638
53.58577091517233
46.63544960794755
12.887454039813878
0.00016902131694223498
21.856472403858167
72.19981396402962
6.9956994838750015
41.53414518494992
22.326940947348444
0.0004967866349034012
25.521554562098427
10.045017220880462
36.13416475692816
23.36379403597933
28.177623079766185
16.914970381902826
0.0002648658454727039
39.12122916631279
73.24146319432641
26.168419001125255
32.649390828490844
29.109503966397828
32.056566747833386
16.54668109204224
50.40756844691591
45.64429162606322
39.06456810950689
25.79490106890358
65.10611217131434
31.654711425064722
41.1238127227227
16.02397869573668
29.126241495198553
23.69665551679082
18.381140718464476
0.0001962378503574453
28.826959754907904
37.69488004330972
0.00020570036285789685
39.38052768178944
31.031317671312497
26.23914369761022
32.04553348750415
26.79433543735799
18.06250040546952
21.93147732941703
31.621773118617757
43.943708169503566
18.127734052167735
0.00025121081444012816
32.00512444439213
0.00011880147212650627
19.980633104031465
32.291071929252475
13.02401706625726
31.258327903028235
0.00030916070235517424
14.883459386820245
0.00018338174353023837
21.739113765923033
16.92695395890296
27.600316099843802
6.251926392282112
21.709883803546845
29.947911031941775
22.213727808694998
20.413870843854696
10.654981753453109
5.580218247835644
26.04536786151271
44.641821294372676
50.25593501070779
63.11702130497346
18.35201666648859
67.3521586235055
6.377998471945273
32.659428611473885
10.252604931804868
36.463943234564276
0.00018738491053227335
25.761264929484366
0.00016086505268374043
14.144611193953889
25.893311954512736
20.815730225340467
27.779739717493793
5.78777346194787
55.15633005278784
39.0658159791902
33.777463577784545
26.40548521343951
34.79246808172593
27.297870836207213
65.35818089924345
11.541028537190972
12.018933115699628
17.361401081494623
0.0003451374650467187
23.441554450901943
33.483201767800246
24.802385056433025
43.69317291902122
10.339989214099553
26.79203059014414
35.72647003196405
38.57052157245994
26.5613661238012
24.49930896830645
0.00017392934205417987
25.715121769506407
21.823641530300087
39.2631754447156
19.181227705977467
19.536231325749526
25.651880613589576
18.030404883133656
49.25351529306539
40.27859799338775
13.590365692647287
33.96626329546803
26.34449009040403
9.992638912220109
10.340279482006629
23.50637053279805
0.0001728346228952028
78.13198863842159
18.08523726217734
12.091945943792151
24.7398267122777
0.00023573725271629743
0.0002906383087974973
15.850454403659846
16.899174230505956
19.533230278538667
52.07945489366745
23.737457039963743
20.30216734781671
24.054521666460346
13.588756643026262
23.70304556456874
31.50141976278563
13.588897321224305
38.60671793960977
18.2320937637108
32.07513337401862
28.808247942728578
33.74479195847483
15.285401389752304
0.00018569551684777252
0.00027638461546707223
10.652502329861157
15.11857491344325
46.36323811005261
23.436703906954882
11.285840955382122
17.4343058871777
26.93726439580499
44.453346337355974
20.123938186477208
0.00015456473465746967
15.193161288002287
25.90977680140021
32.85878485406742
6.008944480396779
16.435554669335712
8.228095801804125
63.473044607630726
30.184209674794726
20.85614143766761
3.1509284201498566
23.818567415872423
625.0221557617188
27.7221014075592
17.69389227893861
18.653970111923822
18.164107367477538
18.405022325174322
25.001036186203038
27.81397599467612
43.95134098773951
22.40578508322527
55.352132719421405
24.93569996606717
38.19739930850762
31.780673140038637
0.00017408609632444235
6.377612657155289
39.06525524101507
32.402531433442675
24.833872698599073
54.90385588459712
33.42877535437681
23.25353139043341
27.47613914642125
6.976399860523348
39.817346589915395
16.27910289778568
16.834976182490582
28.152635126583018
20.12330724248381
27.723000142062848
33.33726378342556
25.646995331537855
60.10542310970077
18.137605103872115
21.307856326202785
36.26976567135671
70.05994593646392
29.291033379502494
34.764614445752485
55.80905895988898
44.644836848717986
58.600584283498165
25.816588191703577
48.36351290914042
13.419037718475503
6.251126281827528
25.307776805028336
30.23314628856238
0.0002313757598650617
26.972310292103863
18.059587140490095
36.171973103395096
12.018942344451997
17.75633112658546
26.596441853326027
21.61309445813226
25.204986549238626
33.206115307664106
17.4679727764476
28.755253032679978
9.797852544579655e-05
0.00016530022324278594
25.00032732719803
27.414608317406323
8.546539720555302e-05
48.44704512802381
9.983850160258296
27.426548222617328
32.32512692392388
0.00017201593436766416
25.390372984081843
27.452691619822787
234.38583782986098
0.0002153793873731047
51.57056104787782
68.54802287763334
48.81804248454034
25.11382957456207
24.6545195353844
13.59915096449619
43.59518831316665
12.500755143602182
30.91368399679825
19.748747737211428
58.19440347722302
0.00010714376918864824
41.44297347401341
48.826713956264435
24.2058861147743
6.2499335780961705
30.87388714560918
32.171549242546995
9.766148287731113
12.498280659028497
6.510904005870644
15.946510896895832
31.24948335493745
27.58472739002102
19.72402521415717
0.000592850581597304
26.048784871391277
3.5518839518168863
36.97092457747946
53.88902446654469
21.915022214804896
37.91672084400557
0.00014509799220832064
26.20255431506533
39.06868939332753
52.09805187263979
0.00022797860588070763
8.694893479193626
312.5257366160804
0.00029490510623872976
40.1485833466085
0.0003326975958771072
17.948289487740947
20.36806926628924
29.00158793248519
0.00023922740933812747
24.24381698071845
11.791691259571465
0.000395154653233476
32.86846298436933
30.383216576106356
13.197297010044215
10.080553068242484
10.054402779210056
21.039103341469925
21.21048596574318
12.500504630770156
0.00029160594806398876
0.00022417732666976268
10.698495333647012
13.176844485488516
0.00019246955021117173
18.841478881264138
3.634299243261752
31.257809739374352
62.494712412478655
0.0005266333828330971
24.041749742627506
36.76465396974698
15.62445911677305
22.452165859062507
0.00011573874902145083
11.103358336495866
9.068371992741097
21.706800824891463
14.211414940177209
82.73299301305418
0.0004590036696754396
25.691178682109108
0.00014755476331629325
16.741998424412408
62.49912031077414
14.202488794362496
17.524152546767755
0.0002696441982455629
0.0002746333775576204
16.795580540186965
22.04926419581969
26.041211465018478
25.288192403747935
0.0002681212790776044
0.00016076155588962138
17.35818355939101
10.134434254874881
0.00016993928632776564
39.06221610801913
11.32181525428062
60.096591063756655
16.430275327063192
0.00041704482355271467
15.623077025481871
71.00969756085281
0.00025614760111888505
12.531215454888777
28.60147727457323
33.36718382756089
17.549922408404576
20.439024022340615
52.08658331000871
6.510669370625275
31.828493123386462
19.18944820238884
0.00025678132425084534
61.144507241314976
29.707786288502632
19.530366650284236
11.162055302615695
53.801978014062456
20.46274984449206
41.359744437500304
0.00025096700361852225
43.288472812334916
33.91277846016034
0.0002955451335158917
14.341436406432576
7.816597616037734
0.00032594565709587187
27.57603500015008
31.901798275292624
12.019893312853478
48.33400715744993
4.881969534720042
12.961190991420452
0.00010618682002435283
208.51726944224114
11.165253079020138
124.99298692076555
39.06673261593505
0.00031573201461772743
20.989984747752437
25.111849590463603
0.00026129804464289916
23.43634581290771
26.039887679712667
0.0002749829992580999
17.31800515719748
0.00014906925298419083
6.24928526166259
30.487493349090805
7.359446443657942
0.9532288732279994
18.382962418135694
4.1140004672352966
2.815921992093265
24.9703908594001
0.000322666798941403
7.100652684427669
12.020939380005075
0.00022274421626207187
24.045996501736507
27.307582047765404
5.3681902500102296e-05
26.778564874400924
2.6944803988851067
10.156556377855086
28.936995170736637
18.382369212278558
18.46185205508429
0.00022684772054914072
78.13657644136777
7.439730965443687
0.000416383019304097
0.0002457120503095211
0.00019472722817681642
19.992241223940383
26.043508164197824
0.000345041771652177
0.0002138791426204989
8.221514289545619
0.00019258512232530242
6.440292217361975
9.192150533074816
0.00023427074558961014
7.104004236711262
35.15692116852115
11.887611133205471
17.268054674537474
51.56040796887537
17.796534002644393
28.412314543620926
4.2243480454297835
25.653317215428764
9.883893362338839
5.788201707716553
37.50197807876764
12.281639796863848
26.050134650345232
20.159762675255127
18.382547782047347
0.00023395614906413748
12.498133858640006
10.592306380101299
11.722793694724247
12.773730896959092
0.0003181965501945732
0.00018284569478055346
31.251695043036197
12.75489875076179
26.728263317292658
25.14496447667598
32.74322692098024
39.82131875410265
29.425099849422757
25.312102548998773
0.00024138725659992945
4.341080515039696
26.037626595811616
37.8037993541999
48.828278180614916
14.206257559821097
28.78199306493562
0.000161219721485395
13.023951787509986
18.532201760379564
39.07997741788134
16.80685702157746
20.92382802849147
19.84002368152856
78.13489318744087
15.078787164750857
35.509458234030014
54.08775994408758
35.71628241631518
38.118349621977394
2.948714946631316
7.440529413843987
41.118639098413325
9.55613795191186
22.963034289215738
0.00018696594270295464
9.01485779812062
30.30862239218407
0.00011660637574095745
13.707410096843807
0.0005253634299151599
6.2503612321906985
7.6577869790726165
10.776677511573011
13.01739684893179
21.371037366512112
0.0002828805284025293
19.066669686889174
0.00019870259034683436
0.00015368519477002943
16.512894726677672
14.322536462836933
0.00024671156972999597
0.00030986541605670936
31.250400127766042
10.081942225042322
13.588546482469294
49.71427171155656
21.899061946539668
39.06455434653608
12.021477959697291
20.162348079718956
44.64396846805318
0.00013097880431208372
0.00020581690623657777
13.017787876971422
26.042984679673836
1.817152098028812
13.73694921774419
62.500762239433605
0.00020958275047936088
27.67078128261149
17.35763917443405
20.345721927255056
12.228904378404442
7.8138515656706655
0.0001526170049146458
0.0005142173004060169
22.002572131275727
0.0003759508614772737
5.389226043890756
15.370765425328992
36.06120086048395
52.09499215840333
17.86044983033953
19.533537295981347
30.057511366174158
23.435424479067954
0.0001416129530947988
20.847574049692646
0.0002429664780265739
21.660983228687854
8.222953013839335
16.740056902356464
25.341814357611124
0.00012148523569521785
15.62660629683496
0.00020660961854446214
14.075614941278431
23.934593090819014
14.13137376115162
17.476973541497753
0.00024681191171112006
0.00032321051567123503
89.29680954241485
3.635535550256929
17.36443021338568
15.243163587864817
0.00028167296113679186
16.982849891708334
36.76889176165091
15.6245594962617
3.2559961912945234
39.054874420166016
16.277180450229782
35.69270374498265
78.13619436384761
20.269738916384686
19.057984428745087
7.546740670338398
0.0003068167546910539
34.94881783401668
11.410052213465798
21.876253498404875
32.329520371910164
19.530958832366995
35.66729701688123
0.00019322642775047202
2.6037665395873772
25.452808906393813
0.00022222323807202175
10.277096854797827
3.5513553117950987
49.29559099516494
24.56128719622671
9.766266723932995
0.000240612924699235
0.00035878496575086113
11.909272841009624
14.883328741355703
0.00022274376819301063
0.0002002734347895187
0.00011727054106813739
19.532656473915544
35.204323096750954
17.358817213891395
27.575451836079726
0.0003873309515256551
18.384509979765852
0.00034908464294858277
11.717398880439061
29.296843866407624
7.439321648091555
12.611779877276728
130.22904467424937
8.681675781535482
0.00038825167575851083
22.33016841789223
0.00030075234826654196
7.4405085915245115
9.223249872172472
44.648459176333226
8.223583846629097
22.194300902259226
9.765178709907559
48.0742752032628
35.51052530504678
29.84275771416645
0.0002324136379544283
6.378241425105128
0.0005849757144460455
15.328431443830738
26.043045036318173
19.75181175986659
0.000282857334241271
104.15472221766747
0.00016013781678339
0.00016998421788967617
156.26672642667563
55.80779800223458
23.565871533162145
8.514229709474339
0.0003566774394130334
21.699167425933794
26.038587674066044
23.633919235126683
37.71832031046898
13.784569643741847
2.603334999143408
20.252450111628132
39.06877383484732
12.022010482978308
21.80084100302596
0.00047300284040829865
48.83572151140788
5.207106501479514
42.458220280272855
20.26347244017616
31.929965572934634
19.536901894195996
29.017172324105974
10.41776996037394
39.06152388689952
36.67924475241631
19.07990963313514
0.0001568980159289721
37.9779385066997
16.282006486129585
75.00142406587307
18.067531906676752
47.55029948142664
34.82047723368049
7.811379104336174
13.035597012157268
31.252744318381882
0.00021090358459332492
35.685710275150086
9.253860069225516
39.05425954075963
19.534977127608727
24.088963766193714
26.03748503010714
0.00015805557995918207
6.010353224248354
17.93730720204922
79.53371975744032
100.74089720811189
9.688226291566673
26.9918109041569
47.25680656938728
26.043240791251282
20.886501564732246
9.406530157554277
15.861570482029826
23.887635920655075
0.00011936427550348785
23.402318533604227
26.80877673307794
0.0001201121219006988
25.68295968746671
17.19821309615873
27.802369038857872
19.266268666017186
9.301471932185082
19.658774705395867
20.562517532070963
52.42306004102406
7.912557399682843
30.388675367732315
40.18178120811413
21.286715747626115
46.16726442860268
30.57368092818789
34.31709875972953
41.95638316517753
29.574354013856695
9.01506556763677
39.06284693921728
45.225686720142846
25.86871480675642
0.00019382877599127823
22.315901998172325
26.545788129216
312.4363313876747
25.72838374095262
51.78392577564329
6.791821275730241
36.10433253846609
0.00027051926372223534
9.990684702643193e-05
33.652312082244165
32.901788370836776
38.26718379356984
117.16981358756743
0.00024630074040032923
0.00019506933176671737
0.00012574857146319118
26.79016031138218
39.05967584897658
40.02031308209764
48.071397042876924
12.021996549041642
34.968571014138575
0.00010387931736962248
52.91991014527424
23.553138702387756
5.388520618856249
11.904975966798373
18.751850694826825
0.00018275719270516164
37.69546696645177
12.366602981346785
43.05032020344223
26.272395850281836
25.442342813137063
0.00010181638054973519
29.345899794939594
20.31469246182991
16.01102852178528
35.48137234193549
0.00024466071045026183
22.52172667605114
60.376738460014
9.5222050731536e-05
468.7745574853834
20.701199455809853
26.818793756883842
8.222473110759415
12.386312528290922
0.00013892472010671293
12.018213622619442
17.359564491725703
24.41387259830238
4.884896493524934
19.5413522383393
25.391608300265943
16.964725723171963
6.7961491751690195
35.399514711213854
23.391252343933832
24.29625617676625
37.450106239456666
38.21296803839813
45.38967417934816
54.538925809893335
38.005336123408846
10.339292729057192
35.81354435918403
16.924876473508025
0.0002720336390969654
56.82667123632382
93.00784913617606
51.5702321080993
25.389761975731357
0.00021256132458802313
56.42466003561943
28.12398550654063
70.30773097445476
23.334070337588123
31.069235985536118
45.98301673040955
26.326296899134856
6.2652674297025515
7.882825277767169e-05
17.04586984680642
11.719892112464027
29.874082103245705
46.976774464343215
7.816421691305732
8.54933359197291
27.779301576054362
74.57602658914874
16.455996069491544
18.029499701845523
16.162318117999035
20.777038213079592
44.455544691252754
14.207596368155215
15.7301945127086
624.864013671875
29.291867090519325
30.693315684868573
42.35876975167554
35.85501834728052
13.661387605580288
22.710067288378035
18.973200094814587
0.00012926752333441982
45.797859666714054
43.13146671625592
24.305226270693613
20.67724390435957
29.12724172936392
8.226224903004166
74.02264042789318
28.41678895073032
5.581816512256604
35.403231201972574
40.37826758472226
17.451356948331135
40.55094578056129
35.77973573509604
42.6153626437304
8.681427317683907
41.67379699526706
5.207872340503642
32.893400885274644
63.00816664723305
20.432665681991196
31.736084635819964
27.44859952337216
12.531697996294927
8.371363046887948
32.61613348489132
0.00025081324149921
22.135001783760707
42.52798300112132
28.412515191013053
27.170169216990793
30.618707289432727
38.29968130955111
27.572152441256495
22.674018262392412
27.794303653801396
0.00011697045383698423
40.06884370849802
62.355369944434045
22.36844786529518
44.63454282746586
28.32347282769215
23.154296819972867
27.415283743674376
41.31136570544402
22.868288045096385
29.648638939707048
20.979978397329113
9.771755275729618
43.94753999663529
0.00027941026019107085
11.522481875110735
41.15820747673297
30.049293341104796
7.812326194703019
68.37191847181646
64.40802604527676
0.0001276011841543115
6.88710285127551e-05
52.083614898030746
44.01402622761111
0.00017981738136978282
23.675133471849342
22.13828283396151
56.8193577511358
45.355281167832494
50.21714362695457
66.86076978828639
31.253115485133094
10.419051890367175
36.825979685472134
32.96902996192178
20.380957537720214
39.060028989486554
47.291344021303146
40.410130471180494
57.40140869428914
24.402554330634853
33.38900972811041
77.12479209933699
41.666695364707024
49.79607397213415
53.75300236187691
49.34692600661282
13.008839188454052
26.410734940281912
35.66606621132415
33.4880372843026
27.457701775129745
125.00108929628622
35.506916423544766
23.242836894453013
32.55512997609996
9.115564543786782
39.06778933777582
14.201381457716128
12.754769566457275
41.55331299790412
39.06799018818807
38.44562703893051
55.801910086021316
29.213852472446746
33.787698607646114
17.697810959513117
0.00017251845565624535
12.687114566782123
11.433924882032986
35.04048541949119
71.03071043269864
52.47754243425049
29.645355373890002
0.00011011729420715711
128.91499423994028
29.870895403472304
34.95262586239388
31.719441145983485
40.309326635077625
24.356777245078835
0.00014853906600365008
56.81870835745642
41.668086702319975
46.63069462911165
9.764125216859327
35.28581930622882
7.437928054134621
21.46808206043395
0.0001903760980894731
18.614119163112946
15.39221268241939
63.351047548746216
18.59884163095967
11.717438485072034
20.878439874229993
0.00016812059038784355
20.16558190101674
37.30672602194489
35.80639738046026
7.103412424135968
8.104214430204593e-05
47.57217035588806
43.500842911651134
6.894721154172584
24.187317088242576
0.00015217361215036362
34.954077960385106
16.085972082257058
0.00017564105846759048
0.00016008705097192433
8.042295517683527
44.23916518366226
7.441349016004443
8.947507465320859
28.13898001309224
0.00017844019991268092
38.524202837589826
6.010360490607861
27.809252842400547
32.04069028725368
16.27953015996142
43.32580590000124
23.438402550504755
42.781604168422184
21.50170176901446
0.0001638123429494534
23.438410486365
400.3882861224447
32.417311548717656
31.960151619073315
39.83990588274233
50.85440105489528
0.00024499930744544446
28.373823372791406
8.682181370009301
20.1810924494471
8.929609820829995
13.842615144890948
78.1339010934123
27.692529024903713
44.95603626262586
30.549252291496334
22.0100782474496
28.40887418221808
0.0001235504242255334
12.778957140902968
78.14518718078762
25.001754117312448
19.53059318108521
14.88066781561117
34.67513737443094
20.864440071302738
23.58913662302497
22.353633917365418
16.911851363436824
12.501083670697554
7.195136287809502
28.046976583353626
6.25061547497422
53.01512984460793
22.92768491809123
20.976679830208823
28.84914965433429
21.74543276882043
13.52849405840418
