5.533216574057866
1.4674027285228173
1.1302514376251824
0.7852193197068118
0.9271945560705551
3.5191659221668754
4.830036573157964
1.6072139251786708
3.126420500688255
4.49613641206555
4.721195655491085
1.2720081010093427
5.345844703438019
2.465656578373696
2.0534184606766734
13.349348418368027
0.31765506928786635
2.908829804347934
2.4790553677800196
1.8174736669597527
3.852564227846663
3.1186134528408673
3.320947229422832
2.3587519428776482
0.3518578952773371
1.6145196127995527
5.03733123962467
2.491766187735587
2.2165827176396977
5.08596963181238
1.5331684071402139
2.2841749756661263
2.447086952704127
1.0427693694849343
1.2544534977779231
3.7286530257031942
0.28923601569311524
2.157717335154991
0.1293743825973817
2.4520096893047527
2.7005931147784694
4.911716098438774
2.3655437987084347
2.0647059986098344
0.0013229260221123695
3.335290994201723
0.17893637568017262
1.1543423356415587
2.409553505796551
3.25444122237444
2.2708917466332896
2.5678407668284224
0.001460473460610956
3.317768287655242
2.4531553412118976
3.0324034615363678
0.0013117034686729312
0.26991747712600045
1.0660971168378768
5.231223903460584
2.8312348240443197
5.01799950748682
0.7855573045671917
0.0015303946565836668
2.487471917857571
5.853886891458057
1.6184668350170421
1.8267048987133119
0.001500952709466219
1.684735669969366
2.6477147397456755
3.2135385497489812
3.133956569735245
0.8986766732792225
3.830419775473488
2.2905727098271176
0.0008369821589440107
2.170702668189359
0.6196450547622441
0.8137370881493994
2.6787268077810844
0.8028100281953812
1.6020684585948899
0.0012393224945602317
3.2039693755470218
3.13823175176635
2.1178889524104307
2.335316455150314
2.3606285582694304
0.5287682296475396
1.5934311700053514
1.437357826904832
2.1693409346116823
0.24658594345964957
3.351483400395161
0.9006379180687613
2.093078344105743
2.1196695566562993
8.39249508897774
0.0013985731018086275
2.135809119086108
1.472161947744182
0.0009786328300833702
1.6471362983778817
3.539411517820554
2.963869129037074
1.9406352189869003
2.2654841511080472
1.8747520460578193
2.8292897892650215
0.0017758868634700775
0.16711343943423249
2.3525704577503563
0.8705082175198614
1.4899608233914479
1.429583872455017
12.826635952712968
0.5691499227145687
1.7812623430853918
3.4471541353699284
1.9960318306912086
19.5837209498859
0.0012684689685961024
1.7583898519934498
1.9754233978814086
3.785990794742247
2.747339394853043
1.1192530902834343
1.4136244899660932
4.248608940670517
1.6070613494918993
0.7877955199406382
2.7459433686429597
0.48234260460146916
0.15955870889592916
2.9268092384173845
0.26357313977496233
1.3152927292750825
2.0717672133683473
3.3207661588950192
1.2277707401663065
1.0838762168277754
2.0273562563743326
1.141507565432903
3.137885120701477
1.85973611161171
2.069812537215424
4.729261921738119
3.075958433193871
0.6586644885270895
0.0014370583812706172
3.4084281187535574
0.7216058047827877
1.7088383384257864
2.629024569460723
2.557719443652227
1.72718488102132
2.4899284207919936
1.993128554214583
2.4933385526033818
0.0013915546151110902
1.1778713849028766
0.0009092391119338572
2.613581099171868
2.0649793411024033
2.328304631740696
2.273715382146715
3.262965641036581
2.705655535633019
2.4353453099019946
4.198009924730286
1.9860710063692206
0.0014318515313789248
2.6007468530555373
0.0008820433868095279
0.9729476706506203
3.2089886865190542
1.2474179568786272
0.31394899238366636
2.0940943499431635
4.340607989069152
3.7200981670129236
2.7854835884464935
1.2686205874647825
3.6915567918536802
1.4050701327195907
2.7141144414875984
2.0991823794502125
3.1618832397963463
1.7500794976082703
2.0660707243371976
1.4967306904202304
0.10665587331556405
1.6489572534104808
2.347616130235322
3.5984406801210715
2.2673760672868597
1.8372898488836122
2.23701927828879
0.0012783215788658708
3.0801768817884394
3.481973178477751
1.895393488655503
2.394019874236879
2.2119677666118625
3.3433034404046706
3.1692082485067656
2.197075675363885
1.3032186152083804
5.8371265353105795
2.6721206332055965
2.4440981183821955
0.6277431200025603
0.46279722207520324
1.8869250984552006
2.6583703558003022
2.2899027828967875
2.905414780659959
2.1761948794772916
4.690894201397896
1.746519255061651
3.309553181299836
3.291138890677636
4.436305841215355
0.6303928393870593
1.8976587545879902
0.13230767707379223
1.2830925682871814
2.6914786921148854
3.5968714558805326
3.9041196767073414
2.0792299620783217
3.379202694672535
1.9167744179014088
2.3924557586874773
3.1448611863825406
3.2030803750663774
2.866286810901922
2.5219345518571297
2.2425493191706254
0.15772998305619695
2.6821149340859285
0.0010612692683935165
1.8780895708840661
6.292553901672363
2.2775823280208676
1.5392408630501924
0.0011148806661367416
5.5282040429407395
0.22572960086732305
3.12804683191508
4.063267192038063
4.384184149110199
2.3639855371797305
2.4712361686536615
2.0112469532515465
0.08854655537935388
2.724739851541338
2.3624816864529357
1.793719105181565
1.730501846082916
2.2223766390587936
2.5522734883681433
1.4489180606216019
7.034602575819008
1.34845291475843
1.8817398013935829
1.085240005364896
2.9717690213034427
2.240875165238911
2.590551907078077
3.015343544842682
0.0007405884098261595
0.001602114294655621
2.6962864463223
2.076622239201426
2.2623963206793607
2.5377708977547524
2.728066921981442
2.3209730165291553
3.0663221249031434
0.9171508486650142
4.804310449032992
4.87866381038077
3.605484459595142
3.701528433571031
2.239008066436943
1.657211578187364
2.083736920193687
3.7468272691071767
2.8520637008389946
2.1704814699350377
0.7868719621733362
2.48461131385604
2.671722341951897
2.6989265670764575
2.626343777248015
2.655775070246645
2.0628273497561347
1.9407379390484292
2.403175729437941
3.242843933674751
2.8384335626087127
2.033752256650045
2.072640705385985
2.6110066973349255
3.58766209648914
2.78421726016636
0.16240673564905778
2.523972256125271
2.5364337350768174
2.792631410812987
4.090345766996001
2.7363090805775285
2.9104010618522276
3.3456822159668347
3.248515283903024
2.6520044346489917
4.402239641749382
3.664944724920335
3.213484647910869
0.3787889822932153
3.2645827317723075
3.388588070689972
3.078851692727735
3.029062187649226
2.9332894681873407
0.8416203043910043
2.6037200865984245
0.5740962742533955
1.5497546594178047
2.237915562343828
2.1270574545376233
2.95023800272565
2.427460182252068
0.0009340810647699982
1.9031121416435879
1.0489656573109742
0.3959739204401558
2.5852976969637895
0.09995626897944021
0.0006668667192570865
2.1195441546814333
2.5897213567872175
0.0010491067983417048
1.6318369407823343
2.8233573746665783
4.515583031826491
1.6327347509395622
2.7444103669206283
1.4651549837896922
4.719481527805328
1.93576416145291
2.35926596442936
4.039999055986603
2.429458528096046
3.0072525116676903
2.4526877466955463
1.2674482201066841
0.8535648005781695
0.2034696731112645
4.998876719946219
4.604734573950789
0.001091540209017694
0.0003444206085987389
5.063538122065698
2.049468169245215
2.924088422915832
2.2973360215979888
2.2869024251014527
3.110043277785331
3.38918980761833
3.9819595860793595
0.8752935407747928
3.3849154167771
2.291722983195751
4.442605509738011
8.66113923215576
2.204097526276927
2.568513440725943
4.308253030478227
12.826647171461081
1.7052443006711353
5.302750497004919
1.3921812358546757
4.826259842418556
1.0864097164467705
3.9897892777764357
2.4542118523841765
2.594699276821652
1.3029957963735797
4.550014491205729
0.0009743994087330066
1.7772104188713154
24.99919891357422
3.354482338946118
2.285890690773502
3.4604339041842125
1.7655676417524389
2.0292405010394843
0.0008860434536472894
1.0118587272165354
6.332274149855948
2.3633736449524716
3.603183175621251
2.340587437282696
7.970111154275946
2.3224242845829175
3.1625111713074148
2.073159125924357
5.67946507135342
0.0012818241957575083
0.0012061643730183797
2.8866160441521718
0.0008254386749203232
3.363172986783695
1.4750728777870008
2.0027161902196693
0.0013895167115454872
0.8878594933475445
2.928030671356053
3.1338777959546342
3.2115033519977567
2.9033848359937715
2.1293458458485337
3.7900518815849162
3.2266732475839213
3.4104153210192796
1.826224496702586
0.45419774543300334
0.966593665987729
2.9170439128796626
0.0009390438062837347
4.672896289911088
0.19645134118763963
2.8790851946163456
1.4956594634661866
2.8056015913920556
2.5082603922669984
7.907173814226339
0.9847794958404847
2.78411739725432
2.094847362178067
0.2243367203239662
2.6719711275997624
2.132006177253957
3.411320872770631
1.0428631515048135
2.236642716541177
0.4989266726525353
3.696933982512829
0.39197987027000636
3.9780309707529318
0.2849701523029415
2.3214860821535694
1.662331098552031
1.2943963404644272
7.8168345951562515
1.478822219696465
0.5639313498558477
0.0011635808332357556
0.6994812574444546
2.4608043974533627
6.682298862045475
1.4335478231827807
2.0569855132800807
6.783960453457742
7.095295129402075
3.1424866767816377
0.26158408098320557
3.5695212228105886
3.169816713311664
4.049461976010421
0.45830711033394017
2.007042181021158
7.195851468900218
1.8481070281385223
0.4475129538692445
5.950412504911993
0.00026128452736884356
1.8055821949523165
2.13188397466175
2.3293502617885133
7.831477496692969
2.679449619862306
3.3504876569911306
3.284520318885916
3.0729834621278522
3.2036596760991527
1.6912734214640444
1.2528492681054761
1.8305307352398443
2.144484260038968
2.0558887690353003
3.3024090748876915
9.252947780480925
2.349145313297176
3.2629137843725906
2.4046684579883713
3.4431899579581415
1.0429620446980152
2.7373731458028487
1.8367926734386755
3.8609432340822156
1.506839335970047
0.0006597615938517265
1.1410739407292567
1.5099961866307523
3.3059065592177728
3.4298459651583384
0.0010747177002485842
0.6953880942827608
1.7590858236702236
1.9190975839473337
1.8617768013222504
0.7160478164441884
0.8704319849685386
2.1937193459772972
2.608810200728476
0.7921900988323614
0.0010030964986071922
3.402857360996583
2.4423890855840806
3.1474349861382507
1.7660194727815923
1.6940874777845942
2.681780047033857
4.2725846446461215
0.0009155702233935396
2.832739325900329
2.0801812746912978
2.7963067654611815
2.1249465604978637
3.152203541823491
0.946215833775932
2.9378861225359287
4.17276603688003
1.3996563553629724
1.907491605585718
2.652403507376967
2.500485308973143
4.126914883533135
1.56853366389405
3.3327477559432737
1.4526202243556858
0.6107437765959831
2.0339890703220753
0.0011487217658820252
1.4406008312187624
2.3591287863275077
0.0006921051535755396
3.6512437354023053
1.5685212444059289
2.534684612889708
3.126880494877696
0.9683419416517396
2.8746298961154286
0.7399707177361107
4.603328969723782
2.101872955422686
2.861642069232452
2.010166260264149
2.1733237501919374
1.8260988089073111
0.47193152534309774
0.3916407183278352
0.0009137388260569423
1.5323345811476117
0.0011188160860911012
1.015183720542529
2.00358428889208
2.9069144150938144
0.0006906659691594541
3.402682481463948
9.866916356264847
0.6000320597751332
3.055049435108958
1.959717485391593
4.514636602424111
1.7516918361339218
4.21166574317919
0.7691490735765241
2.9744398092560003
0.5241374077377259
5.696029772051718
23.98100024595624
0.5657554146170151
2.150799714939532
1.818992406859006
1.1230371691843695
1.6529198158457168
0.0015898153651505709
0.11362691887188703
1.1178143247889238
3.2463589291277457
0.3152793497167295
2.4352529701589245
1.2361430656485641
1.2010963413173428
0.44668081474120325
2.070843877383381
2.0469851877574947
1.2737233887895854
1.2856829308503075
0.0009731244063004851
1.002356495307703
2.3434025169842605
0.0007625211947015487
1.9511967541347677
3.2636567525554563
1.162171626191475
0.0009109463135246187
0.00059528871497605
1.4958531261250352
3.1275646514300854
1.1597450087989543
0.0010319894578200406
0.8981847810874959
9.260089196006167
1.2112400862918753
2.7564746432117753
0.0005596950650215149
1.047624483704567
2.4172395458677873
2.5512865742493887
1.6352138255353958
2.3264163034327794
0.41697601205669343
1.0633467414429885
3.298719043816627
2.7900517078764757
0.6841470043300598
1.5661952834571518
2.3474354966043998
1.6555320463746155
6.424254992062312
2.76020111480505
2.2229228646174306
4.569546137728529
1.6695026993934785
1.6785345355206769
2.394989438532917
2.074607141601295
8.670867477156348
1.7735384309735511
3.5278800933194456
2.4182865862816634
0.0008851351643291613
1.5461467209039257
2.562196211388823
3.0535979229843075
2.755615342240479
1.8933229407622947
2.4689032587900943
3.902692913198405
2.5069340260954838
2.387881519350447
2.0412532620093375
1.7856589136728032
1.6947119344765003
2.4017488833078744
2.990537260982961
1.7856470551612387
1.604093534812623
6.352938512598293
2.0913444665246694
2.881500685105566
1.3042023871934765
1.5342042162995382
4.413716216477694
2.281507967908787
3.394699568533532
0.6863893438298874
8.161599419519511
2.4741388896558667
1.7353767889038965
2.252275248036897
0.0007559074510936625
0.6264854753805169
1.8055277390608275
0.0006512370309792459
3.5558018257363457
2.337003266824115
2.3611047110618877
3.1381343152720746
0.890057245404023
4.217255045613098
2.3709947532167086
4.959393021888293
0.4481293581785784
2.7786742885393325
1.9047835886175815
1.3582152840215713
0.35704468342340656
3.433322384883103
2.3783564367867074
1.8276491972073927
1.8292819080354126
4.227460403877194
3.304646592029189
1.8353065277549359
2.4091480082204857
1.7570339764867866
3.848558452704101
7.265222006451363
2.8345672177020638
3.1590825791848394
1.361960858401764
2.050650700497499
0.0007925888057798147
2.2911437104091266
2.4047431990699843
2.541864288277187
2.413479134433622
2.3211031979037933
2.110963209237194
2.3595847890685864
4.264564706850003
0.0015120033640414476
0.0007209678879007697
5.223671170077675
2.1621096672490587
2.6569410252319297
2.4368628846768168
2.675029234574487
1.3359925789025213
2.284432071331368
3.761303011994187
0.8064090334614583
2.616102159495737
2.3039702414670757
2.3104641317209778
4.274344282143147
2.58779200076144
1.3441414190904168
1.3862375850477422
2.8951594907793434
2.6859198776044053
2.9382638885426506
0.14420756487313405
0.0009138895431533456
0.8744843438611878
4.693651010699207
0.9231334857450908
6.250823667474413
6.251375646736051
1.3425676643439926
0.9020740567017734
0.0006978708356655261
2.23261903789745
2.3442731228521247
2.205305599907277
1.349490493392043
1.2954931771185398
1.3987350030547532
4.688892595513607
2.48059137094384
2.2225455006178794
5.630143147066701
2.602762311224699
1.7618628594926122
2.7134760456444917
2.993902235507758
2.8903340361012733
3.0206062927631447
2.0361490738743937
1.4127096146201075
5.340593133712294
2.800856772315359
1.291816347873269
0.8992513234011962
2.304849791886112
2.4155058394897364
2.968904178884314
2.2749377183781783
1.1142225206544936
3.4154437951945464
2.6945475368290013
0.3951541805975012
1.4290167713726736
3.0546368732978824
3.6812876817904754
2.6267083193576615
0.964594031951816
2.539048481625233
2.1450601987617834
2.281382893404972
4.0021836239732345
4.353427591847743
3.5159970606473507
3.4496624799857107
4.131784549143049
2.107350506955943
2.561028411923467
2.5329077939056814
1.9380431729910925
1.6697471036673115
0.39502075020209304
2.6385195990155275
2.159569577240909
1.8990558405899052
1.4859794385305902
4.140100955560375
1.488457770670634
2.3647692207095155
9.40944957312895
3.9489378663740355
0.17939455726092482
2.9345839125127386
2.8202699746609143
1.6992682908567076
2.0441191313987543
1.509572242961445
8.335973162630884
1.269241234549554
4.432384085249456
2.539801663943751
1.8403828890112854
3.562192127478173
5.212026667857976
0.4487146531921878
0.0005624299428745871
9.18087007266513
1.7342853103811435
2.3106416489018082
3.693385975501521
1.3292596707587585
3.442056145649264
0.0007852036331314593
2.1688929842371496
2.2985309822020454
2.8564061900976054
1.645462557637519
1.0145161437267907
3.3931790021791435
5.955130777564288
2.9908414531518206
2.0542360317858033
2.883321007611509
1.8360440892574843
1.2026304151491227
0.8704844578360617
1.0474794898117479
2.9070571411814723
3.2978388133306438
2.9723065941523807
1.9074056288116719
1.8526108390793383
0.09844027865165117
4.276039424374176
2.410019113468072
1.1883912301378918
2.523728864514388
2.0582302944409943
2.874593864089156
2.8120630578836425
2.0738445308526936
1.762634607716791
0.14721712394707123
0.0007944812581020718
1.978847956960924
2.734040342991672
2.559441710299377
3.3849925219126176
1.033454859588237
3.130772302381783
1.9408399253251056
0.8458869720880802
7.386573628507904
0.2410426366416057
3.441215943005227
2.336992918419176
2.189007484013564
4.600714215044718
2.37080951921295
1.8741621185792112
1.3026976215635
1.9721469702488792
4.065365955347806
5.687215409998699
1.56627315374388
0.782117139894002
0.0009215321624651551
6.251884606910001
0.8836075288457289
2.0911175378066673
1.110220545232756
0.0006021235655810285
1.7647541668458109
3.9311249262916705
0.0006204055971466005
0.22394073244400456
2.470596368772366
1.1821303443607638
2.668197148082024
2.0108767108571817
2.066589815773993
3.464477735721351
1.926618076231731
1.2604075819889982
2.4555161490907267
2.409777644624298
3.662948645791143
3.301141881451036
2.822047309100344
4.542729096856044
7.031740096437716
3.9783288039259195
0.10473225203410645
3.297898376793715
2.9327583221823375
2.7949044299900554
1.041786918124914
1.948270520334914
3.3595574913603796
0.8897690609190219
1.725355546814717
2.1495567932720405
2.119644702099056
1.1464968562778757
0.752532235947292
1.9880101680644846
0.949711793167028
3.1313098171605245
1.6260884525653347
0.7818943683851103
2.2591908781255428
2.8769362348200733
1.8781206590712567
1.0757853397503583
1.9838556328439563
11.47198674260451
2.717109574788116
2.5888201657928023
3.7553848547662105
1.8167710103493195
4.49546072702185
0.3707963334848447
5.865693047388049
1.2157273415780057
4.510290425360809
4.521783769110438
0.15820698154493584
1.5450034006647035
3.7801650390027404
0.0007069711150093512
1.2352990481140846
1.2454002222488798
3.783583120625793
2.9281298400172866
0.6227073206860769
1.700618368114062
1.8056670660105096
1.6487376177144217
3.274137136279247
0.40843951299156406
5.064056774634724
2.708019047546389
8.151407252601349
1.0911903889792365
5.208538031981769
0.4652112402911518
2.458903902047504
0.00045421307731885463
7.57776944235593
4.951098867905482
0.0007308849017135799
0.27628704206504423
1.9845239575931288
1.9542754443818922
1.5630597340896202
0.9109704585937878
1.3207145562199305
0.7889947582734749
1.2694286226749913
2.810572449550777
2.183472451796609
1.279551761565513
2.793682491699348
3.798641161444507
0.9905067282289726
0.9760422817246751
1.8769098750471775
3.226620368278369
0.0006835427251644432
4.767969475265008
0.5213400180558286
1.4627275360389385
0.6257710518460954
1.9928450735986827
0.16131895953440106
1.7408922683110755
2.7632399975567385
2.6706101456584292
0.0007190616233856417
1.6491811616502732
0.4948697276760608
1.2745337108282944
1.801566093940965
0.3355849509223065
2.5506375378846435
2.8651194674785074
0.19795580490790599
3.7973667062474954
2.3116499869942126
0.568620121212999
3.164446914098748
0.33598677253189635
1.2368596938385483
1.5834089517593384
1.988934359689169
1.5108615105636174
2.2515868793604024
2.4064133584225114
0.0004400605394039303
2.5375529788916538
0.0005919272443861701
1.1957791315189272
3.7034314635785752
1.1578945997555465
2.6994067020000396
0.0005214978300500661
1.201107015736064
0.8120692897505721
2.3485628518633956
0.22452345487753128
2.778380396955375
1.0026310517190966
1.515389690618899
2.1155159184485206
3.0943950799729483
2.0301908405972133
2.446964075131016
3.046055196517141
4.699092231243692
3.018550563259868
4.946397135799391
2.6524014067968995
0.0010384730994701385
4.494496916871867
1.7268574194083492
2.146039998251539
0.5688108815070749
1.4020807533302888
3.2536444945714904
4.793036926425379
3.2283468186922617
4.226767330534671
7.815597807025452
2.513963807014469
1.436632073185545
3.5025703771687056
1.4460266587924706
0.31289945146054376
0.6273967632540007
2.645089189681653
1.0845869909029808
0.0006195530077093281
0.32642146745123074
1.1930638728002745
1.0330623338426874
0.8047872343658518
1.9789099179212135
1.42005259136435
3.5722924509086407
0.0007706047035753727
3.374337222119242
3.9031398131115713
2.240665582280435
0.9477520599271266
2.139552659553495
2.472009658712178
0.4139104517840008
2.234544310597552
0.19579442099529842
2.436989746208954
1.8119832119568071
3.438705639564432
2.329423865451422
0.5524167261225789
1.7718412547113889
2.214838193277079
3.0686038841647263
1.8979070013419241
3.3893641935733725
0.34893259494209716
0.000364141533888566
0.0005393354367697611
1.3015904285695514
2.2870643632016323
1.6785368512006418
1.174797919300285
1.220784678830114
1.947175724929831
2.5183232396357913
0.5210476278637847
4.1843684292830545
2.746025803041062
1.8384083351847949
0.939900758219422
1.502281048805162
1.6493194880960238
2.5508323631522423
1.5615436712590356
3.617114446301457
1.448054111492048
2.6728966983558866
0.2609068899522147
1.038674583829561
1.086125811366249
4.5615646334277695
1.414406914076187
1.1106692624469314
2.064699777231956
0.5884271898557927
1.3987444359987018
0.20887648982121998
2.2931139457695178
1.028556665810074
1.805356769194071
2.5895387556407514
0.3129583052126691
1.814178698826847
2.1599758721797357
3.118172817603416
1.243095208218749
3.2988219939175503
2.857581953996691
1.3326703485814506
0.5215306794658924
1.7383820395892133
2.489718464929124
2.035124440499619
1.5060435952083617
3.79469883652616
1.0464192659446443
0.9336598181954243
2.0780175612362655
1.6573344876776968
0.00022473360877484083
1.8251337199347442
2.312376762381943
2.1351195175609194
1.4298463844393625
0.22381727518846414
0.0009338523959740996
0.5229769476281945
1.5977376453720353
0.7820776724026169
0.5688433695394534
1.9617280894405364
0.5272592210336976
5.540115104617302
2.511215466949857
2.273210736724154
2.205424040734308
4.73110748250852
3.6884552463199967
1.9642593553487704
2.7135902532567995
2.334977590976474
2.452388366320618
1.3590852839067673
2.0509974957987147
0.2613595248394025
1.1174031677640284
0.868636992608016
1.0047122693272936
1.7839207382001947
1.8936241274235663
3.1587918012022715
3.0350110828887122
1.2201337260214207
1.9676151304662577
1.6075601662111032
3.1711738439245587
1.8954834329945942
2.27859861228721
5.40850881012165
1.8637989571328983
1.7582582811464817
1.7341969494481344
1.4328840269885303
1.2403540945380547
3.127330333277367
2.6938124869332025
2.728287932559677
2.656900404597468
1.483190073828736
2.543972257331228
0.14249881465895503
0.0002530592610128224
1.7285182459736022
2.098729253522557
2.1921754755677845
2.4521778147328015
2.5185356848781315
1.6333010281686522
0.9487837754805297
2.2512024360499945
2.6487456454787024
1.5636071569064773
2.76289937982122
1.2731928018809413
1.2050239752087202
0.26727149333724964
0.5218462551123204
1.1633050653206451
1.3706283213760262
1.4175632581423432
0.07481183061047757
2.907547671668508
5.410760479038634
1.315505337884258
1.8124187431715755
1.7326322572026076
0.0003311363186433234
1.8441505654240447
2.00780256080832
1.0379704174251203
1.862208570143906
0.0005158414011627125
2.0594990536148474
1.6416100598948427
1.5553587587582733
0.905014305371985
1.1016998824107314
3.355882217618273
1.6400908533803116
1.9959240369889446
1.6995012429497975
3.3988425644443954
1.4918214716188138
2.273067215241695
4.307916062990707
0.29793385308447984
2.5404542059839486
0.9546956562539595
2.058954135256192
1.5108740941501027
1.4391585250767096
2.1075448059727737
1.9253226430328956
0.0004488444028538652
0.5037554460385374
1.0825217746370561
1.3025804750268435
1.6955711172293764
1.4424606707565495
0.0003527799701259937
0.00044868403044044197
1.537940147083403
9.820221267333961
3.905245940428358
2.6755491656121917
1.699567679470845
0.0003977821175794816
2.5021437172936687
0.44674784884378566
2.758572982477528
1.4110164287009184
1.4823804112355887
5.403216224990749
1.1449522216544723
0.061617755307514586
1.874106920000974
2.178254959508705
0.19592335501511116
4.688963332671119
1.6958090987297485
0.0004128183306117232
2.978240995211679
0.29701970224335594
1.8707787643257334
1.1566567135169679
2.452713227903459
3.0889383079647437
2.1898643394160446
0.5758171765046906
3.4397810987199593
0.601361199927816
1.3163893327092457
1.9221477624377123
6.474395432718666
1.7110222664148023
1.9591623412779882
0.9007239285242037
1.0880442723799106
3.2038224286420927
1.3592074831760765
3.3340805480761144
2.398201702112974
0.9329665023442185
0.9016655593272431
2.608790618596859
3.17741520437746
0.9900687653904242
4.042037687281946
7.258113019608572
1.4578104716397888
1.595465007890506
1.8232389896097123
2.060148354830119
0.11194615882595826
0.23274664575870296
1.2427235428137162
2.4248534661290533
0.2608534840110224
1.4444874480494683
1.765616525382814
2.415564787836047
1.5107225772471489
2.288359696204371
0.9895129816201641
0.8602942998713843
1.6472206816435053
0.17389023130009365
0.9858939946364088
0.3912937541644321
1.9411629063714795
0.6584801427573342
1.6926682848751682
1.3059533644843204
2.346673002817906
0.0004759437433676794
0.4690793521331216
3.9982988552993874
0.4716272519166783
0.00012190125562483445
2.0382321924797506
1.910826820310471
1.588197005004619
1.1725951659420388
4.368687247975385
0.00037794181584363936
3.1292465585344114
5.372144276466111
0.3294148868624593
1.5826229397312936
1.1724741736842523
2.384001247100377
2.4325360251225194
0.26313752623051795
0.0004695316565630492
4.428424766112585
1.507637107149606
3.5314347608154124
1.8303345183443143
0.8138550009686151
0.19723328530517392
1.2501575099828188
3.126488692266321
0.19725277636200644
1.4244126867390707
1.4111549224847877
0.7368316973755448
0.00040471056126989424
1.6754056930813022
1.4682156088024798
0.28982596775072295
1.1726843290275104
2.0052550016149113
2.02294951226381
0.6263575790027971
0.14216909108379447
0.7820248237039777
0.4814974288444948
1.309063689276352
1.117306280543311
0.5957757366555513
0.5437045125389609
1.2001730559730992
2.8256752763710655
1.3542732121290253
4.941153954686133
1.623722180003936
0.328199094866678
1.6136616392034764
0.2764107233710734
0.9853909274600803
1.2913839693268636
1.5378885553259256
3.0873860226708043
1.43425715239558
2.135852107305556
1.1058949743446647
1.6516132327202013
0.5667873814073422
2.213782332361603
0.8874838956285689
2.238566950409482
1.5294985881271033
2.7569015562173447
1.5621245982687368
0.5055507471148731
2.1604919501566173
1.03385684541484
1.4345745696955754
1.7498918069527896
2.552893277342663
3.416260934964612
1.3616159331325932
1.3992236551179256
0.9076421283610422
1.4102456684386975
1.5368091761252602
1.35362206069677
0.3124906974721853
1.5648799310117087
2.813807830625774
3.857480820474302
0.9349861778204696
1.2963333441955054
0.9230704525370397
1.9424387540622003
0.18698389424767334
1.7585675972956096
1.855577041174011
1.8910029589077222
0.2647219147745965
1.4128694223823177
0.41190222385381403
0.6680388605924233
0.3937322590270824
1.864275028785511
2.827581423537003
1.4653826039879183
0.5685342697047004
1.0652769802692836
0.9430715861513747
1.5158794768626545
0.24446280683682176
1.7611976424535956
0.599051837945403
1.117312728765848
2.273331075870445
1.3881992593461006
2.270311945898407
0.5107573806718422
1.2371278257382807
1.4608329339704218
1.5638275705563014
1.526235966478221
0.5962804737653296
2.0618866872048076
0.6640694048008421
1.857361152522352
0.2673759421959403
1.3918706474172409
0.300744324240916
1.7912074501202
0.6898686216778775
3.184120185071697
2.2280573474273546
1.3128790032528386
1.1725583794669512
2.009696969945891
1.383679734417029
1.4287327900890368
2.302871381025685
1.0622963160522405
5.090786774393564
0.0003027577113243751
1.0676656273304068
1.8209138440395936
1.411903483375495
2.114998939157583
1.2718251986142295
0.4826854792942984
4.320998644273351
0.6252328252496226
0.00024318536452483386
1.7062611787811568
0.7503160220930075
1.6016727228154262
5.25682016053708
0.7863032425229903
0.5589701563168481
0.6182116788644011
0.9962036144438025
0.1956246636085197
1.0418932156974532
1.440495354883767
1.4603129497031762
1.3696784367532746
1.087578934006481
1.262304312558816
1.3723262225211759
0.45600875628628046
0.5536717189643701
1.4547897318461447
0.8376584429756652
1.4144764452019207
1.8352046192059412
14.065138816833496
1.129019722796119
1.3606625908487453
0.00033938507961768966
3.0079131310583866
0.6409408670595171
1.3791488947407273
0.11359006830686495
2.0853480720434017
3.562774714601485
2.8388615764039664
2.161366062620577
1.403512500997518
0.24064358929710858
0.8067659862598747
2.906499315301462
1.880220209451777
1.354363382243643
0.2980138996298202
2.108347711374748
1.1475067056424266
0.47167475277206355
0.5229200730513185
1.6498000722511228
0.9058238547848031
3.266610171256696
1.2012784318533258
1.305192923377027
0.9377714453847451
2.828067698971328
0.000503195950942528
2.1750875787481085
0.6344124017805002
1.5150246335959383
2.19483023667069
4.8558148776544545
1.7444614834954462
0.7819297806465121
3.124908571905678
1.1736939328782454
0.3137624791397684
2.1147046802222973
1.3268481811843227
1.03884157736048
2.2471201852531015
1.6802617286842458
1.9344169005704481
1.8954379965388135
0.173925966602029
2.2227839085241428
2.537428848776621
2.0583958443072645
1.5629586714732515
2.6299938938831717
2.406737942296989
0.1304619307716924
3.359889963489695
1.979062148064994
1.5893109107412897
0.9698161408384692
1.3615067710129845
0.10450386934444396
2.7175018581479917
0.9439123822443364
3.2034926388629743
2.7529686674228997
1.2932403888068482
1.6853635575308845
2.3330624228007535
1.332076642995907
2.4185680339679743
2.0210550946841845
2.002273371488402
0.20588024288951232
0.09220308481363805
0.6948090881935767
1.2441523516857405
2.344286974173277
2.436018578072839
1.7967274846041448
0.7287104976876009
0.30491447889251805
0.2846332881093448
1.644878401430645
2.107298657324551
1.2813972647339118
2.3241875910405585
3.009729473390977
2.292897402457735
1.333193125677751
2.5533944519604916
0.14251379225321548
1.3945295438217928
1.2291589054737342
1.5814488107184201
0.24093205669679754
1.5335241808117106
1.3763069359291058
1.695331998769544
1.0344098721505481
0.6780077066509054
1.0422223395841381
3.1273809977198477
0.4486925548097328
1.3214431828778392
1.3358627242109833
0.34110839427028067
1.1013264871452029
0.44430804431379634
0.8934823840970594
2.388242074959755
1.250693966584936
0.9999468870851888
0.14542457481747692
1.2060450772310567
2.13643125071917
1.5636967071482013
2.0536829824702
0.9777679877439382
0.9208774651396764
1.0848337512130846
3.777294058114421
1.4743410525905585
0.5874441643189044
1.0094110155353853
0.5930977572878843
1.3458476604521812
1.186119154282432
0.5776221182874665
1.886390728916807
1.871179562578122
2.027055797599789
1.7602261765402751
0.00031275113984851157
1.9536054624871837
0.417765533577368
1.3452539383432542
1.2956897620735295
1.2455498793382411
1.2836714313636535
1.2606462442305764
0.7379767728886324
1.0708609727641152
1.7242963039528931
1.2691689868432159
2.160146221666067
1.915129631867625
0.0003461733217591245
1.11809735518066
0.44673268454023074
1.4128183445102653
1.9536871869257992
1.8912637420733698
2.4819946508427675
1.8741415515251296
1.155936771184309
1.5032810919154544
1.1918145613159252
2.1359610212653677
0.8973560080620311
2.2118276860666213
0.9500210450424835
2.3135960781983274
3.3481202555537624
1.9863365501507393
1.8534238244078836
2.573589849886048
0.6257959489544191
1.1321777168361529
12.633137550224129
1.9110390949720113
1.8508502604999308
7.002304482739419e-05
3.1909635312498903
1.2106930738324932
0.14228870876271768
2.2248501076326876
1.5053948379705488
1.6303818665268917
7.03397138233413
1.8109478063054092
2.0845513309621424
2.4801924645284052
1.831955023459625
0.5375328383885147
2.8388390438723095
0.7169722419156604
1.4092432585767711
2.1029747635013947
0.2604405334160447
1.5017700102108933
0.46291941308889634
2.6533022240470965
1.344660169379776
0.00025063845049981656
0.8831640435675434
0.784545590624412
2.3402527778631566
1.4620853680520565
0.13921172099301454
1.3963837018898044
1.3564214223001765
1.1891890676208268
0.43974196241470054
0.10424887394604715
0.00019231040176451001
1.5955955634003571
0.0005663676420226693
1.007741802916314
2.331665947770531
1.9307353329624461
0.00016770583450427998
1.8417013803506992
1.7003958365614469
1.5128764263343835
0.16522185597276753
1.0676405656305765
0.446488100116507
0.5892574747744981
1.6831738276172565
1.8275769173239185
1.7529439818840298
0.31451985351377515
0.23811814472096507
1.3748894966912342
0.9621768550808343
0.4900041843208669
1.5253761759333053
1.1091656407656856
1.0680275948256788
1.3044949815644447
1.7138487961490219
1.1147592688497472
1.7960978264833982
1.6573946602836183
0.7695092955898776
2.8003506961610376
1.5916190581281862
0.6881671615849028
1.814441503899469
3.4354213915205305
2.5637035762285816
0.31292052849069024
1.080449480222381
0.18060955282962474
2.1044641312987813
1.250779099696465
2.245898246742172
0.6099691348816167
1.9425597041047178
2.232580233787303
0.42217131144197123
1.8968818139604224
1.3960972832915504
1.7991986270298226
2.483603814867564
2.3484074455118407
1.2721441405417093
1.9705186211370782
2.3032380365487755
0.4172055854122239
2.1341258633841296
0.6620393598340399
0.9375808151453839
1.6507342239616618
1.1078627387851996
2.3510931253876532
2.779956631771492
1.0546249050834897
1.728024638366372
0.08507587820712295
1.220644909304948
0.8527114818907028
1.124870451649583
2.322263703149595
1.3892035744683602
0.34375531119549096
0.3685589810003283
0.9119776072795894
0.0001269797367058345
1.3681488005883256
3.5172435330123335
2.0323172128264297
2.0011342099030798
0.4146988287359932
2.3640470328342267
1.4264756928809996
1.609735641027261
1.8919230969461678
0.5297697035932311
1.5740100369375627
0.7196700665823801
1.2777904245187526
0.781167871460149
0.3126909674079116
1.014927942628044
0.5212295225088989
1.446676262125493
1.1829581172883183
0.39128110452656983
1.0933434784935379
2.457204633953162
3.124945284856949
4.347892254256698
2.875998305882424
3.7702015681999095
0.866169313745795
1.5630311450709637
0.803923458515458
1.2338756249534324
0.17402913989563887
1.5626573117315274
0.3956221337285761
0.16760188087672695
0.7254230496527043
1.1720794547888544
0.0001062035422754499
1.442619330847514
1.962436974630754
1.0511746210278718
0.9878217848936401
1.41432835049987
1.7787929427155915
2.6289512973393854
4.2128446042889545
2.3296811871493217
1.2815041867689265
1.5025172977322496
6.249635219573975
1.3324210999883115
0.5488587201331184
2.5296085224027762
1.4980460844414079
0.8408778039552798
0.5922303396686267
1.5638423368464056
1.6161653071526478
0.5026453078853775
0.7043674941440572
2.4027035558661396
3.700671183464692
0.2086394117428022
2.0044369941421345
1.1968110397992147
2.0450775160379635
0.7084482599159827
0.3920879978811399
1.450417373444975
1.2324454408706016
1.2844001995443404
4.498468847426011
0.00020494221633574246
1.4978366194773451
0.8589663041719547
0.7294864683948011
0.00023736878210911527
2.1132155514060917
0.4476332859516593
0.9807852403986796
0.887405757625048
2.842141359870435
5.794985410505647
0.749231440926053
1.1968748564195195
7.269525788918448e-05
1.7867991835911587
0.26385385222136076
0.00042209825915051624
1.9731688346115617
4.132533142298467
2.943191734431366
0.00022901752236066387
1.3673693672098182
0.46180193842203915
13.308294404298067
1.7445824207501215
2.618694659703566
2.1352215357483058
0.1619141862310271
1.6421611847085404
0.8356237418342717
0.06554974940289071
2.5352928589908412
0.00043439468572614715
0.477531543443288
2.266993719923182
1.2238664991256447
0.11190799388873122
1.5626195518110761
0.8722358809448437
1.5347994862972656
3.906378405975454
0.5305742774459138
1.7628296133725083
0.0002019708286070454
1.121212337547582
1.7140201298640638
2.174126264809605
1.5204186179605288
0.6751753217769324
0.668692933543424
2.1952049002245384
0.0002469714672770351
1.8753985262576633
0.00027881303685717285
3.909000998948443
0.5296079515724379
0.40944215232431297
1.4896216696888396
1.1942369647282414
0.7813462331344648
3.2678921607041502
2.5909344276894
1.3509576181481684
1.5937465027912594
1.7040828103891685
0.692114095916477
0.20870643712745127
1.3678173223054273
1.320177317720141
1.9810185818731019
2.699065925216078
0.6730790545644233
1.8333472320506066
2.0670025038828777
0.8322146385028278
0.5029664105242785
1.3211894375081288
0.3594792074115284
0.26059404140709524
1.5367402764658162
1.3022117865887897
0.806021509229227
0.4937694973077998
1.9303565975720434
1.0945142813735724
1.6617415189238771
1.5972266818718759
0.9732562175150548
1.3924768631619546
8.03526513291646
0.5615207738746731
2.1212413470695433
0.6663005077289422
1.5760825356167378
1.3166151386721618
2.003205942880016
1.8003108142690274
0.9330827187152628
1.6024747366734289
0.9915211539196744
1.5471845279690875
0.00033362995745847004
1.0603654855958233
1.2307079253953679
1.3974948472696977
0.7816435246861283
3.172547684960715
0.8422202713051093
1.3282234864566826
1.6704528240032397
1.1728590324945536
0.658067998668888
1.6742344741701058
0.4708464025886005
1.2073479428669576
0.37973254937928685
0.9423972931156939
1.3956133300346225
1.1270634276712428
0.8416277464840417
1.420630585639649
1.3593783953560699
0.18981074289125432
7.367535317825968e-05
0.37075829552405165
1.0785306572855415
0.6513464505124299
1.225132371192265
2.6032110317835606
1.0340892526084364
1.7467938649186352
3.662582533811918
0.5534360958337892
1.0717448014485933
2.2924187903814577
0.30610267729148094
1.9737925546262431
0.6283861485841605
1.779146487456814
1.5237330848362092
2.0780359512713407
1.4950564814626945
2.29261422183468
0.9779465967067212
0.06819477535491783
0.32424410634062373
0.93954240806479
0.8252590500251457
0.00011894545770019249
0.8261868677651034
0.9593751601645231
0.9809036875783232
0.5730602672993428
0.00016005312413369666
0.9483990813719444
2.246268796065422
0.00029367368551902473
2.1753624805684764
0.27212486553358045
2.4972829636342877
1.1763740521187702
0.26105843956141445
1.6198481962237996
2.5537968255003616
0.808459908106842
0.28503889822119854
0.5997413182673768
1.4013966671619
2.3731578044559547
1.4395791665974933
1.7371718469463253
1.5493787550568052
0.4235188280653688
0.5209477140345791
1.191408437811095
0.91549087335911
0.0002459904741082634
2.995313426877096
2.1518179326946947
1.9891859981083102
1.456869826422001
0.4698958964467541
0.39150558971847843
0.45572136459033646
0.7956968170086169
1.372902386024642
1.132080937169275
0.8913497280216425
1.4307481516598368
3.906316915303705
0.31280051357834965
0.6291373532990242
0.6058167621205878
5.579875518375567
1.13583402884445
1.219574678228355
0.7475182472927437
0.5219409074167765
0.20527594298452337
0.0823721103824937
0.5866790277748919
1.605103652491935
1.4345120628368007
0.15466063119673676
0.5216168221641693
1.3115772894452908
0.9713066370542286
0.15685288790083785
4.213987214153169
0.5596348674255324
1.6804394956880717
1.5116341275922216
0.05820959444767376
0.06521118827876649
1.7199007189911606
1.2821775228464898
1.2997930985414845
0.8877098638592084
1.3511761746211939
4.358477335757578
1.0202593472349997
1.1550650978441415
0.22416303939327073
1.663466157610599
1.075080021497908
0.00068636704236269
0.7243581004169564
0.859357892895858
0.46785549839228896
0.000241668018134078
1.2462518228006267
0.22373417552346705
0.709582840452314
1.2023542348118366
1.1159714833422965
3.407060561423376
3.2120309165439664
2.290292113606699
1.314086312144269
0.6277222701324717
0.4882646553481038
0.00025021800197196976
0.9759905387884942
1.2890691051476744
3.55158891713979
2.1096194968291853
1.0272814259560121
0.25774538463484603
0.5994353888222321
1.2313536021933447
1.5633978190603313
0.0002891409476433182
1.0276032557036192
0.7445579577791164
1.8282839365761008
1.2658646868670622
1.0048782096674407
0.4978834651448229
0.34815766104031176
0.284260458980056
1.6639152571964597
0.00022559458388589823
0.09782525624132177
1.4300018153124334
0.17370745997492223
0.5599543232311142
1.2392511759830052
0.2122317700407214
3.4237244335071235
1.4839599107851709
0.00018713583389171618
0.9653328452212047
1.4924047136794416
3.426435475450511
3.3983480702491446
0.6998381763848214
1.7317433527916941
0.00012206038319653508
1.389064081811599
0.00034023047192022204
0.7659346731813123
1.152728627889112
1.6515963487558183
0.00020971380808987305
0.22372425902549087
0.43087814771117827
0.0002426404898869805
1.8045130688990236
1.414238785941742
0.15629487735495787
1.177106602167018
0.6420033093996318
1.5462698957141214
1.5630653915307962
1.499980834780273
0.7326628284181282
2.1636760514592632
1.1663306450875233
2.8913199863046883
3.6776804222139057
1.3718915952435613
1.6392508273528696
2.524169518524264
1.41593200803568
1.6140899927926533
0.9119250898098604
3.6457531192188273
0.8404592192013552
1.1075219483054835
0.24344318740173648
1.4483952679073144
1.300391039157166
0.36839679498234945
1.2988290529653805
3.3554708652601684
0.3930320776409388
0.8040641332323625
1.6392945393210547
0.2172124087004224
1.1551513021110218
0.7432568508673016
1.3131447600708344
0.4022240215236041
1.0119210961582301
1.152865710942069
0.4559988022655858
0.48473576314592437
7.366862701019272e-05
0.12550139724804465
0.5889670819067615
0.6230922421392837
1.7863268438747797
1.192721675680459
0.37031067748798824
1.87578672854281
0.981627780617993
0.9824982345665181
0.27338785667037113
0.27618207157283237
0.00015935099941088993
2.2260389153985107
0.9287297107224116
2.111792912908653
0.00012522974984424055
1.1822756782075345
0.4035205961082205
0.40971157273303976
2.5108181672480896
1.6440337546128156
1.0678853246096407
1.4691515457438549
1.9414531301079592
0.6366711989814713
0.6495796480494348
0.5426399584553205
0.6064745159113549
0.8540040201853702
0.8228553628754095
1.2644056185670605
1.513750497329098
0.16486398745550296
2.4678443763123084
1.3676011574916345
0.5777671222429331
0.3127998624533075
0.26526760103592295
2.497315230804871
0.00019565498773237565
0.3911686450425805
0.11636126131938235
1.7892857676171705
0.475533594340445
0.44505782284745193
0.22322483589352618
0.00010902755127517594
3.053365036393807
2.0705258421480552
1.0201975466819098
0.7607764074119067
0.17476777929636633
1.184484376898581
18.76781029870229
1.7792102558023601
1.1371036411234277
1.2833375509549383
1.4706905408355069
2.4852394882988698
2.336324636019944
3.125590322241351
0.6641816802961351
1.2180376240556825
1.5878435504145605
0.23939656379687393
0.88283942822592
1.6920421079473102
1.7941743979075513
0.4041074625307512
4.26164463353569
0.5209313308741609
0.7816238931230223
1.6364821746914666
0.00019616241994905673
0.9293423570944159
1.2867957676232837
0.3160136956685186
0.9646909444189868
0.7515193201361662
2.3735852124929
0.9444619430136013
0.12106701809006364
1.369557931956706
0.3235420166986857
0.00013818090539214408
1.0461946247852985
0.0001492694962053065
0.9607714160708819
0.00011233619657754648
0.3125058873663485
0.667254788892219
1.636556629143505
0.2728708553751423
0.9016220016337508
0.2086160679133526
1.106091426265848
1.0186558791054716
2.271837962092452
0.6948572330413678
1.3401281879739924
0.22345820343947967
1.1737404576245685
0.8755105825050282
1.0625780046394615
0.0001618931710254401
0.4521960153882501
0.9854875135428408
0.7282391215657025
0.5302517008554808
1.3649542903706742
1.5203713413708346
1.0020391553464292
1.1756701717702522
1.3513782508435241
1.4298064433936069
0.19535887082203374
1.0367491189255509
2.4386706857356693
1.0367428685015054
0.17378101868285334
0.5890863314460131
1.3349435082729524
1.0762680431555154
1.209558917789784
1.4284733315279725
2.4418064397584445
1.442932655741618
1.784404894071551
1.264341175925192
0.6700650152761352
0.7261566546580961
1.5102710811127231
0.8626280727054448
0.8993864641775982
0.00011451272602395572
1.2246156769882444
1.2059346053893096
1.590076259517894
0.8685921748453999
1.5645341873168945
0.7443891180448354
0.07117603504635057
0.19745934342250904
0.9800357354944745
0.7860414072350623
1.165381194349136
0.849962948578265
0.67836369287892
0.7447743899092096
0.05794032084016484
0.8269554128556013
0.37573654823763597
1.005755917862152
1.3747186067000474
1.36774615335257
1.2860307471927455
1.3115447298629188
0.12506329455860168
0.14228252475225842
0.9815193839783249
0.42501510174529195
0.8374824499616341
0.9216145001229423
1.141410779762143
0.8570594291440499
2.7538278765797974
0.9830056667122857
0.5917187353961401
0.8417975544293999
1.1706281319166472
0.7768953621943618
1.7921951583945988
0.00010916913588516763
0.89477855092629
1.7482566047363342
0.5881460881488724
0.3909161438085513
0.7955169396781374
5.368587668878414e-05
1.5763721296311912
0.987302983069891
1.6040646514043566
0.836967393201778
2.7787264506850864
0.43192723207322903
0.00019852483698438542
0.8282135633841907
1.0749511287735616
0.3842989164090308
0.14206287489746086
8.773972072399025e-05
0.18525965928129332
0.6699959455810716
0.7114147807499102
3.126005373194524
0.6173859588669943
0.1959986646206744
0.37211863017812097
0.8270776964217706
0.6522983413561972
0.5004136837806198
0.7660300951074176
0.7366411534278802
0.8518183413202988
0.8852883620866389
0.6722186350177378
0.4717549258794096
1.3397656160473161
0.23891595524992035
0.6526442966116891
0.3473224530855027
1.1524800485031417
0.0004958839854225516
0.2328266147251657
0.10430536378251722
0.2737190324993321
0.8105398069924503
1.0047811590587985
0.639725276141418
0.5544521962152729
1.4961553970860904
0.12066227215113474
0.13748955221429546
0.4776248977948231
0.4810009751570778
0.593447785220564
0.7815920954163116
0.5012461115920758
0.6861603376435252
0.5387906091209137
0.03418649789473025
0.00014887893155446363
0.6533385110460246
0.2610297904913068
0.9872589177331703
2.2588254591970807
1.3288906749583476
0.00021335781639209017
1.146633936260081
1.0545929552616786
0.08698569692538488
0.00018163240406465775
0.8604744833353355
0.17392877929965936
0.26099914245363226
0.08680649201677523
0.2867598584297715
0.6261314567952628
0.8076531987596809
0.060335833516109445
0.040219905375089675
0.5941162938171795
0.22873588019240843
0.3035339735811028
1.1570976133248823
0.00017280712548028987
0.17765125114050012
0.41249919144910346
1.2762698109217232
1.1367642892283263
0.9620640350720117
0.8317584250800482
0.00012505163977039047
2.039746440681697
0.2018125421959839
1.5422066540523474
1.2679145310076583
1.3212802195352327
0.7579506925531518
0.7401018947430202
0.3605967387573449
0.4033492553212748
0.6614744875129278
0.555564014919632
0.5442916527977998
4.13040204913578
0.00022622822143603116
0.6459820743010662
0.6637883896624988
0.4637749300880606
0.1594901005243926
0.8067388068232562
0.15683757192527992
0.8095931220319618
0.28167920524139844
0.09778643191499725
0.4362263773006742
0.4467618303121672
1.2120596260474044
0.661444515498103
0.6785560778610207
0.060286183946695576
0.18986129191446563
0.4953800099074935
1.7709412590963705
0.9640354684999668
0.7459439835758779
1.0130041500235156
1.3850119285053621
0.6157544893957352
0.8794417000300996
0.7035624943546281
1.2300175021092659
0.9270595596341097
0.8417351075285456
0.22377607107877598
0.8980354904600654
0.8928182758150537
0.752853359851916
1.399433002582423
0.00014360854159652567
0.08929173182629516
0.39387109188496844
0.09799471291771529
0.7818765283851917
0.868882938403562
1.3767237263566638
1.0488972779332117
1.1288113968221802
0.00011097767279958741
0.7271052431554268
0.930239772970439
0.21975034852446027
0.00022583678946830332
0.6049129134866403
0.9554830785038861
0.24231367741255402
0.21477614904834388
0.7214423926839817
0.13138922890887747
0.7089833698379266
0.00020784294333680008
0.5787795444848205
1.2125482585895222
0.00014852271124254912
0.5656604481689241
0.6947994112151213
0.00016197996887967747
0.493683570336259
0.7178247151779816
0.839907148406235
0.3680519600515996
0.34578794048555095
1.563412088871419
0.4280419626154959
0.17357997300884007
0.14246574810381907
0.2759029788165589
1.563066699394411
0.4394441765445685
0.09294904339747197
0.2990370151746876
0.9433213291198066
1.281064434457428
1.3027497522430176
0.581074867623435
1.8036832311424218
0.23487644735622742
0.5208761463872482
1.459019176586988
0.8407456984829217
0.9856075393455982
2.0733512661584497
0.33875928937461214
0.12133482679743023
1.3855037667911607
0.12344238176313793
1.1183808988918769
3.2559680733223026
0.2609319200900523
0.14906346778993415
3.486161023667347
1.5191635803324517
5.014371873892562
0.6294503896075545
0.9017012148204822
0.5241843044447402
1.0559369107184315
0.3475912564089901
0.7815503545998247
0.5481421099439397
1.5982683862696325
1.723064033029083
0.15669554712740136
0.15334352614158822
1.4686678097493562
0.34196987178604843
1.7589116487768166
1.1727725184961173
0.13023836066313757
0.8156891113234886
7.138953748153654e-05
0.03822552888212757
0.8363319993002667
8.960892148479616e-05
0.09775109576138519
0.1327829349686203
0.5891886686697514
0.5362701281611478
0.4530437965783372
0.45151350007094215
1.4007796024305583
0.0001792906020909868
0.10018012351764312
1.4791436522003025
0.666091446952162
1.736810050971245
1.359570084322493
0.15639808501182415
0.20983938612237882
1.0698472051132955
0.36899119007087067
0.7441545528370248
0.00010959575298841173
0.4341634990299023
0.18398093612986485
1.5629934873176552
0.3920108129077562
4.084164391937095
0.5789746058380804
0.8030843881864169
0.1846293247164447
0.19019638884282591
1.7130658268914163
0.9320396816051182
1.394632744800248
0.049269196318594055
1.8453608544545566
0.40603970751688484
0.533617764990619
1.2057979998799186
0.39229582451426176
0.8158469934348804
0.4472739835143826
0.11160998048035253
0.6992210094933364
2.455772655253681
0.14219646539799435
1.084348316974237
1.0487578267987765
0.30477561363018857
0.4787905585340321
0.7109646171861792
0.454778364204794
0.9556660258294436
0.12821583730106184
0.909404043124808
1.12180896010883
0.9277737014297145
1.563098388067807
1.1619127058443648
0.8125386387201519
0.16930792797364033
0.16764117896628608
0.00010077981884630087
0.5020550045776203
0.5211115194036169
0.41337931883353146
1.096383115450818
0.49316929098406226
0.5533810100903083
0.9712307023410618
0.9496861481054963
0.3257036508412128
0.4395469878282441
0.0001012738198059279
0.3909506301333881
0.31461225544479177
0.774873786843855
1.317268627634603
0.6713118056239702
2.4377293298168223
0.244910031891871
0.315671202046472
0.4207983738487498
0.580357412920125
0.3747409652518563
0.14992640117636494
0.5235300986855163
0.31275883831728607
1.9529189390681836
0.7734936646148753
0.5699805197839121
0.2813363492742188
0.39074301325213767
6.409205491308967e-05
2.8302788199646436
0.7985812331588965
0.455215867430016
0.6396426273693235
0.5900455015165648
0.2745769006449896
1.0825061649692753
0.5137285679064034
0.5027493396759277
0.00014493156434885652
0.6333859343967362
0.7188750812471381
0.3933511948929685
0.22361583108473887
0.8211605696593827
1.1600951222147824
0.500684305806157
0.5477514640303468
1.074677807319162
0.00012946926290169358
0.00014947000710724916
7.759417417219083e-05
0.39744901863928
0.7841847690371088
0.5792880278008072
0.4145912313331837
1.0337823416446306
0.3738320937467081
0.6602222388193948
1.1669933974770812
0.7559712503913594
0.5439328408533403
0.44787398526120203
0.3868365898252271
0.00012599874753504992
0.0002641212195158005
0.9330921488508187
0.44146029815321575
5.147037568349333e-05
0.6379961919767286
1.0600017100310906
0.28045125050694103
0.40605032330860785
1.5127422404212616
0.330137549187797
0.0870262112717089
0.35725355003904563
1.0216603090205774
0.5138980424549033
1.2499917172095998
0.6949302393982811
0.5015636271160251
0.12832846770670472
7.450958445076594e-05
0.669799138763266
1.1920051626255201
0.2766871112854833
0.43624335348696575
0.24929723906410783
0.7573023635759795
0.4464526217878618
0.6427632862034017
2.0431097423845235
1.2787320575212107
0.6985915529793412
0.5267105808405188
9.23739340805696e-05
1.563126672212522
0.9923698390035095
0.12223592711506114
7.031934794267954
0.3310013637174259
0.35395264893703987
0.5213845231761177
0.8104368811236529
0.20907528690002739
1.4108492641310688
0.9148601118904037
0.5284429176968253
0.5714084131276903
0.1307348076263395
0.17364563664672358
0.21565502584217577
0.2756546174495965
0.8551817821358303
0.19793710936557044
0.7293611491986212
0.11180491453840043
0.46319016124497964
0.0005840652156621218
0.09208956995307209
0.6739357844275048
0.3320373676379383
0.37271565268900714
0.6531530271455152
6.26880616133955e-05
0.7942284412225289
0.3235557783302856
1.5626203183624057
0.7769110959405907
0.7813247993326513
1.5728393417547177
0.6032158273373105
0.6804599340268297
1.1730624998381773
0.31314454966741323
0.14318153309068293
0.27580421729128507
1.2510656970824856
0.6762794570462931
0.2813764842620107
0.5768613599596241
0.41857792109525294
1.0767003914710886
0.8664701911759842
0.2381007141951544
0.30290359505082054
0.00013067200620753283
0.5845862323529225
1.3700795695072814
0.8349739209686182
0.5081497111939886
0.5210241280524803
0.31049996330165186
0.8831095432452442
0.2611189701741144
0.827568409295101
1.319086143223764
1.3383582683910618
0.23062498689268843
0.4938615437366707
0.09590078257324375
0.18781056656320289
0.5211781753485525
0.8224323218852814
0.5491679417477191
0.09315423396908683
0.4713165904968733
0.7075428052609177
0.20906965477998937
0.45649481248107054
1.2851682709974688
1.7619041453446327
0.5518139846653582
0.5351796944655591
2.7001251365496985
0.2843441198472967
0.2163544173786602
4.018304751626919
0.17445739893575288
0.2697513703974437
0.9117956006544242
0.4319493225843991
0.9420507992164545
0.2254910595302487
0.37312017390465085
0.7367073454184395
0.26071676828851764
2.6565858507807207
0.05045180865691221
0.20842398223891223
0.00017073806520784274
0.7254540641404255
0.00020086735576114735
0.4361063482759291
1.1466455704822465
0.8242910513960527
0.2930448211869816
0.8681629610147942
0.00015060575969982892
0.27056398652858493
0.3293234970312884
0.5483262411464147
0.14904530609504718
1.1424489377488953
1.4275731671870506
0.16485926373530752
1.7858670884442998
1.0489377048420645
0.0903397518647204
0.21846562505632308
0.20787658731734782
0.5767181721761513
0.3050456752761858
1.562331501166195
0.7660234038042103
0.3125319760901789
0.8176445271250394
0.48963555161418526
0.12038372455252172
0.6946142648040828
0.0001421081480844698
0.39109392782756913
0.055905263238693284
0.5874565981691087
0.35920511653378184
0.00012051687335770111
0.19435661739912333
0.35821459063378097
0.22330720136441023
0.08535564427267507
0.16894803906496855
0.2977962457436439
0.00011578655954104356
0.1955704323875409
0.00011925478311241023
8.259971829503359
0.13595944228670662
1.8184102645438225
0.5612446493009945
4.753812315284274
0.08359087468183436
0.2535335992182735
0.07649690677932562
6.926078804099234e-05
0.05247109404501897
0.33277355851340795
0.1957228849478838
0.1754160517750197
0.9210812837335046
9.942472994143e-05
0.5323828481350059
0.5237213685001242
8.967583714062737e-05
0.7351799947229836
0.000101985320263927
0.7990970809047575
0.14210863343195837
0.0579682294606814
0.7867225634198795
0.1563045570140275
1.7762587854951475
0.30386469566151203
0.07820709059510307
0.12059492565215525
0.13034124352213894
0.17371591965613536
0.09780847894907652
0.00015109828899874308
0.00014056661733548027
2.236290945174064
0.6032971961310911
0.308218642165984
1.0249115292973998
0.3197525960928932
0.15631297411606226
0.9119428947654266
0.29974024788539
0.00011049930011874191
8.858140158248975e-05
0.16073761467651318
0.00015621037372121855
0.00024472411054906235
0.10793511230586178
0.15652302443578606
0.32907170352875353
8.805507838717728e-05
0.14217971299554352
0.15647001085408646
0.22342444475410567
0.22386171741962763
0.12714555265509764
8.740318055190852e-05
0.000145587939186953
0.83092441538236
9.664393175626174e-05
1.2077288915418065
0.4139309461253801
0.3841053059723639
0.5211400918582655
0.5573854076836033
0.8728376072082382
1.3567005142099153
8.474975739912994e-05
0.10418390474262651
0.2538825686307706
0.22563648285497095
0.13782731383510255
0.0001924481994787389
0.23181218944796456
4.829996296393801e-05
0.1949525577414306
0.5126567030028328
0.2842228225915526
0.14244456702863317
0.42582780349948784
0.36974217538307913
0.539251105629273
0.7173446040905793
0.5206380860606524
2.3813198575129326
0.18455862296637585
0.26024681432121116
0.39296868303210886
0.0002842003887053579
0.3237146832477014
1.2126201198478226
1.9537801743284036
0.4808607163907674
0.1161322077550132
0.18766803622562292
0.31895036408270616
0.9298870444528223
0.17810567838473512
0.13313600156217045
0.0959725270553862
0.6450374466985377
0.05578530961905009
0.35412063783548187
0.5927848176042775
0.23637952414522503
0.0002722322824411094
0.39062553124165333
0.00021893549273954704
0.36765164729299343
0.060218831828671264
0.21210346375876
0.3198850307728404
0.24000729541105031
8.658887236379087e-05
0.10436787808004182
0.2891116960356752
0.22315286948573235
1.5635933143820315
0.09202460540873023
0.0001985117414733395
0.00016954153602455335
0.06422594056224468
0.09659972794774721
0.05593652887848829
0.00020607840269804
0.13032724904017337
0.7105114067183768
1.9361753872734055
0.09218923579605336
0.1842169660206256
0.3906559771752711
0.35741060701021915
0.18796255138186552
0.741192088166433
0.12041629374922334
1.0236064512165581
0.3510969263479559
0.10214889100207976
1.4200548855218187
0.06026334280209347
0.5904202884986363
0.29325274490293957
0.15650612627541705
0.48413770270440726
1.791495887596234
0.3283419425515726
0.31397398272565624
0.28659073772513116
0.36747615332631617
0.00011434857630218985
2.918376361919623
3.787292912420526e-05
0.11854916029960116
0.061394832939529305
2.0834084283771213
0.8062589998604137
0.5875213455342501
0.14258090816742489
0.552881666016221
3.212745155110181
0.2603356402521513
0.3664883080692469
0.73270216390315
0.000109236098118324
1.3132402678240125
9.658473465440858e-05
0.11034985861222897
0.6370272457380216
1.0840046819264264
0.14910376463113686
0.7814225977336235
0.14023385755114534
0.00011792199273230608
0.07292014464655817
0.12397305370531715
7.386794516150985e-05
0.10477232770746114
0.1828213920392964
0.7243023573774311
0.00028091800049878657
0.3703253075850386
0.00011832358823734726
0.23545667214573598
0.18914158233396697
0.781652798896539
8.278989844257012e-05
0.1000037326213879
0.3813668690545805
0.8104694588036634
0.4501056341705043
0.15313909929823938
0.11862498334995976
0.09875820417298087
0.30439124427743836
1.1286395667311675
0.3473358862191002
0.00010468038280206119
0.6530426703271502
0.29400708024874567
0.45990936702756857
0.38011155507692174
1.5242614684322575
0.07447787207216888
0.12123958863181682
0.27198333946883657
0.18825777046029543
0.11180985942659001
0.03149708313944757
1.1113949490764141
0.9327657248715556
0.14222121080851222
0.5439273241713142
0.9621989966629354
0.0001103261604060078
0.0948714978669407
0.486780606600464
1.02851936994312
0.00012157839018982486
1.4140551613449877
0.41226097190360633
0.0001468338878112263
0.09770191872284784
0.6012474039938525
0.0002825153642334044
0.00014268039597352202
0.1429737261673009
0.2970719036973362
0.24833373144130408
0.14941825548322368
0.6369400209907486
0.8596799972288939
0.1906553321632822
1.3024621648058756
0.09486990248863302
0.44665513762647713
0.0001884377415990457
5.804511870951891
0.07842457498633167
0.29815309816118923
6.738662953134858e-05
1.0875980395588272
4.973276772943791e-05
0.12064738250754423
0.3650861928590302
0.0001431290147593245
0.6956669014182942
0.5434683981448843
0.3583608792079514
0.15639833064744835
0.00010632529508187032
0.029103251080243808
0.0003533664421411231
0.00015936883463447366
0.9084522730412267
0.4809429342842927
8.925978233621988e-05
0.2131651569850109
1.3035072207808867
0.13260767523842085
0.5175179238403264
0.5501470292762003
0.41687547308204104
0.09206983889410647
0.0002086141585095902
1.6876251344925095
0.12682427826015358
0.09283724346101481
0.00014615661348216236
1.289582710986484
0.3608988068446986
0.4806835749095152
0.2503502642629883
0.26413765111320675
0.6435206566829524
0.3495576832529827
0.09780812751520784
0.12612744835654108
0.21956343732204045
0.00014292718689527342
0.4113494405803043
0.00020551762700051767
0.49607807884209604
0.520739449313434
0.19964572536706968
1.1288361381399834
6.232851949659692e-05
0.4060890177992683
0.09290824635547779
0.18394122313225125
0.18082015196429999
0.00014038695371709764
0.2603397102524241
7.992692038290745e-05
0.8528092055196855
0.596136987128511
0.195881235192644
0.28534500455721584
0.9858143826969287
0.00013801983588109578
0.2793028675191363
0.08455788994963867
0.19137968364663852
0.40405700724435367
0.4908462496687803
0.00015682839137877056
0.313014744301654
0.3254927786879998
0.7819764729717443
0.5210659887426747
0.12074928333065425
0.664999770743611
0.14238712079358348
0.3904413316859632
0.7591532705248353
0.5901783433773795
0.00010492997510785547
0.00016824321210151538
0.12537477530467642
0.15638079554913134
0.6699179696115445
0.7823169431426322
0.0001281148322060171
0.5241342217632337
0.9288092479061307
0.3477074476859943
0.2931920085055519
0.7913652603631689
0.7887051528324818
0.08030125073027869
0.00016842469987447353
0.2574409318767166
3.13725303674966e-05
0.15996141013011841
0.5877796298331956
0.39058850136882484
0.20974385782438376
0.05509933229621055
0.12760044304412085
0.38867846665396766
0.0001510398400341728
0.5855431865214591
0.29031332657266123
0.6264709449728071
0.4023113212602982
0.13155475068917136
0.766223216999257
0.8817701875073377
1.2027693784203062
0.7818929374260344
0.8931545162279235
0.6511425421679128
0.17876330773385365
1.2977791641877525
0.17738136631890802
0.9362939100673798
0.2555204863576111
0.905997734481664
0.5303470983334663
0.42632151329777446
0.43951116024233716
0.28122713039737574
0.513265483227442
0.5350571852823741
0.6318382996986102
0.0001717202333111345
1.7716278266072398
0.7961966874215468
0.07300417572737837
0.3461755967919401
0.8109635652940091
0.1995926443924544
7.49218784221739e-05
0.13297369432978803
9.830608087213477e-05
0.80976020870266
0.665580047969768
0.49828188573562227
0.2792859362473526
0.0814270401457126
0.18953322013220658
0.40673929472276893
1.1371984675987143
0.45358634710763085
0.10911260658982894
0.31581143528311145
0.3136921537480551
0.13398218022205452
0.15034878543982935
0.2469053826924832
0.37873214824117046
0.6809110351749635
1.3389070387370339
1.3027165609628761
0.520934008960699
0.7877778132855647
0.15493121157125736
0.4152551752498862
0.15609952861159399
0.15072490211146644
0.35598162493822105
0.57172957122289
0.6784304972415204
0.30396746463069096
0.05214979113003816
0.15921261941541115
0.44678515766341725
0.4523856390470349
0.6902971572601412
0.3591667479468129
0.3128057183110286
0.32439498240397235
0.16635544177224462
0.21237727405278442
0.6894732300849435
0.5199928640762949
0.7143625488709833
0.8424168878264726
0.4477685206113281
0.7756885419191307
0.8383729431638365
0.21972833885675364
0.2998270047420382
0.5238182532596382
0.15645208358538412
0.3910188217025734
0.2504140072479898
0.896109440922059
0.9681071425732651
0.00013559291312503774
0.34700966490089713
0.5218404685057673
1.043415293383426
0.6697208744307346
0.22375250875122685
0.4024509593071213
1.5246959820906922
0.34718294253783216
0.23212061176192833
0.10658203453706702
0.14669265725779468
0.8171548470656282
0.4448980389043917
0.6796280919119078
0.2776259706441781
0.6340593171913425
0.36806808022925347
0.48284361057132147
0.0001202183639179566
0.24399395979351035
0.9600071778419844
0.32077782045578757
0.18638819595448586
0.1069156271509464
9.260479266496684e-05
0.046001299761435216
0.17969958238441114
0.25336530431804716
0.0001731990196276456
0.04769186935089403
0.06468080162561601
0.2605738463539692
0.6079217233687332
0.2573618658708653
0.39084897103535354
0.33510272212171394
0.5684992844507675
0.1645118292522884
0.16450120981876112
0.448455898039031
0.15633931954029662
0.13255132255734337
0.09787952278080188
0.5831388311193326
0.2535816517036638
0.275610776503732
0.31263644220471176
0.00017487001605331898
0.3180904882985777
0.1078772674991969
0.08035130423478712
0.3216662210287786
0.27002200539494725
0.7010731400206651
7.735609552936593e-05
0.32958507056359687
5.110116556908098e-05
0.15613553470361693
0.7649096570876813
0.3679950677675579
0.12810686918778474
0.6062803785437015
0.23822215484596926
0.2103948011881285
2.1882064258509937
1.231101376780702
0.2604616489538974
0.13027566399334964
0.3394568713838849
0.05226230951081258
0.379036415100872
0.08232241742091985
0.7172847701647266
0.2710622715601759
0.12497034073634496
0.20848439523713044
0.2004200564845644
7.8817829679186e-05
0.1955444862400384
0.14749017037313006
0.13030984245633526
0.16644398026533475
0.11449959114508225
0.6569555676128721
7.767863285373037e-05
0.15200752300371914
1.9554152599087273
0.21580959392279594
0.4239082853672214
0.527677923498767
0.8789791779016629
1.7363239673521618
0.1954404666486198
1.1035973695377557
6.775491756936547e-05
0.0001158010359176842
0.11191189949639531
0.5846257684331915
1.1445529350531398
0.19285777994323763
0.31320112142529977
4.089262056607511e-05
0.00010444067829666892
0.3545502157664096
0.07567990622377906
0.3127156244479011
0.22312316576328936
4.819902431463977
0.25225574560403724
0.3909349459985576
2.5111231356993846
0.36474076420023116
0.11196571362967234
0.3244885569106212
0.3355802799046939
0.27423403563290893
0.25349020574706144
0.19530930621475306
0.39842707510348097
0.32685297366356797
0.29678013136105497
1.5630053763878837
0.4365356444540278
0.838939915686625
0.49966339571692703
1.0947457362644042
0.8303218379777944
0.263552902947565
5.146981842093131e-05
0.1953447710397839
0.11202449051806086
0.3094184495852102
0.2603576585276381
0.3476502409498068
0.6513940443352217
0.00017499856767244637
0.33704715162378257
0.17301046834735495
0.1453687538506172
0.13711727067917914
0.21579462209652925
0.09582687481330206
7.232084298417855e-05
0.2741372433005692
0.442535800172278
0.17140263816439957
0.0837764691582785
1.2634378459493707
1.9206345679786831
0.7425108076475254
0.00011882087505910022
0.12245517865257487
0.23657820092322138
1.2154511999387936
0.9288978944982738
0.0638675997430552
0.7946402013004076
0.17826437643883078
7.188264651796834e-05
1.0446589643355728
0.10625088294923289
0.0747244081636663
0.3318945414837581
0.6199455848895277
0.046025247558247884
1.3026651428653067
7.956798253871966e-05
0.9566592146323016
0.21520537899056527
0.5991333167304049
0.4400174528287843
0.3572871478555419
0.33365802293466534
0.07451898992440777
0.2157861551133423
0.425934893319009
0.5813634409185788
0.5391533270553106
0.2335933508136298
0.39079105686391324
0.5400598360218882
0.3108572510404295
0.6274860664536542
0.1342438042553892
0.3926107090894701
2.7505693831773255
6.088006502328166e-05
0.38090141506623276
0.28442355157921445
0.3677771314357192
0.6251254591565498
0.8163988023560824
0.0001313229076913558
0.45351390545809617
1.0497943012790532
0.7143877148201774
6.507664032014721
1.15780065276966
0.740200560662635
0.16451869567984095
0.7236642170324181
0.10123569560998417
0.4342712455647651
1.1295954169733242
0.633096992454122
0.17729353192497355
0.07468266906766985
0.2939193879407469
0.15750839185368248
0.37507977393873815
0.25949878166561063
0.0670655567101887
0.38643815095941136
0.23864856129044726
0.2747793052314155
0.08622456437856157
0.13603128901607545
0.27858080115093714
0.5733396576386507
0.8435363457051219
1.0613259566116853
0.5010453355671401
0.3841348970797836
0.21821502158423775
0.20384467430950853
7.398012894554995e-05
0.2125122092460464
0.8223533741262791
0.6438366270807725
0.1596896187242056
0.25493309350048693
0.8322436490163205
7.93367081996621e-05
0.40224646810506615
0.3672432316649374
0.34576484741172275
0.47252323212991243
0.4424895561563101
0.20698063118802074
0.09210426898169664
0.29329803456690373
0.5649355757750654
0.3065536185304377
0.6471652081929565
0.0754838205725061
0.4342338381800946
0.1953501293196259
5.064191622330747e-05
0.7370358258472379
0.3065883361208384
0.20617156091524275
0.4885407826550368
0.312577783864382
0.1846517025704302
1.8779059877445434
0.454198121507467
0.06399196842162104
0.47058034201168214
0.23527913964483926
0.3944259016150095
0.4142661991073644
0.5782690371879039
0.6723504016243438
0.46092202042944447
6.376643796102144e-05
0.40041322615249286
0.17374448893688943
6.64482099750785e-05
0.3289811843713108
0.2549972704108553
0.5942868232924299
0.8589602648240063
0.0001046353642474666
0.39098482155628744
0.07829930579903532
0.18606381510901196
1.357833702546438
0.2634505402557238
0.20258027312963767
0.5212208366012115
0.5240085632782562
0.1302231670724344
0.0460215673280126
0.20591202225506022
0.14877293375407352
0.05664239082505649
0.3779261228013293
0.10083289556485309
0.8661389721350243
0.3069105391515472
0.5193774306717016
0.6496288399864439
0.06974816763340394
0.2525552199628816
0.5524741006296355
0.41676677595492606
0.2089873497813187
0.20723940740428604
0.0005082637653686106
0.0977323113980404
0.21337895165781617
4.473282918017783e-05
0.7104417847469077
0.4912145287182089
0.2695823179798899
0.34544178185331187
0.4061590129602542
0.3788077003618996
0.39203953034179523
1.1530895875763434
1.5250402919570671
0.29360799896048456
0.08856340782658083
0.7567595894645059
0.15838983067595572
1.5630182434444224
0.22361251562889656
0.26950072200326036
0.00012496112879034627
0.1512188872669383
0.23022134980403117
6.258336544036865
0.5409679472485895
0.000352615476003848
0.40191830883307894
0.16262537063015647
0.22377439547305714
0.478614882113337
0.2160659250889853
0.10912865080954255
0.10432907592071008
0.31092758565006706
0.057845742663217875
0.7516684711538101
0.49346782829018004
0.12618067381865583
0.22912841329140526
0.10421098146607012
0.34147198041791754
0.6074432016025071
0.26347595325431533
0.8116560557261039
0.15659200134172238
0.24427717806654242
8.659194046458651e-05
0.2641870751062104
0.2543362749938381
0.16491433657825227
0.3909462820990939
0.07850898619411169
0.4624452209538414
0.6065706223221765
0.3516383913445753
4.0827915734098495e-05
0.23651440556750364
0.00010406067372059624
0.14881597068179395
0.1639406896430923
0.08104156036267404
0.17411852070785333
0.12596719241344623
0.12014422237734834
0.24091915974727293
0.1489832849473036
0.1856489973195299
0.25398748497138135
0.21646969903625166
0.11175579330089087
6.981399671227943e-05
0.0994113940039171
0.14838625273153316
0.34218233315957863
0.19777254785083664
0.21708845747537786
0.16064222655074134
0.11597347540755773
0.23368391769733127
0.14292146715155757
0.44651346842582434
0.2469926069136109
0.23173041363353336
5.831606722495053e-05
0.09779501453391504
0.2608405918148419
0.38232182739777687
0.6253603052871994
5.391537984422712e-05
6.889644252320674e-05
0.2830882563163725
0.26033138478872314
0.17368224680707398
0.8131256073730947
0.00011694076142703125
0.36781188152494504
0.1168862993244351
0.38097145577592234
0.36778845975841284
0.17398375592328383
0.1737410992131469
0.30653564460195865
0.11845910074228613
0.15607731512269918
0.1647564109243831
0.27815914035299505
0.13212074698275553
0.24043921208420635
0.31272298653566394
0.1846986778081329
1.3890581988572055
1.344080682999861
0.06515452974636797
0.2485319335572867
0.17547242874844407
0.1078196448870801
0.6098701817164415
0.06525266367063882
0.5637055883544254
0.8417130745042655
0.4689260351738464
0.937929874841467
0.13803488627308477
0.2086456101692425
0.1979742531817636
0.15646661642360868
9.335740901406098e-05
8.540978972683256e-05
0.6548985832189003
0.5496997054540891
0.1422053082332809
0.15492780319117835
0.0447810795313509
0.391178024644647
9.397441340297519e-05
0.040094374632490264
0.40775345806807073
0.26139999292619603
0.17358537184678527
7.407634625776285e-05
0.0002543741491839076
0.13681991382151182
0.2036309720506822
0.12281815702762038
0.1936254445655821
0.4307804066562085
0.16083670972025468
0.18406392564626498
5.462364658607536e-05
0.5915817700832681
0.10429404545849555
0.2951985140504586
0.18061983144983246
0.17382822463757958
0.07746007857799038
8.787795226794515e-05
0.19040347035240757
0.5203607534275912
0.23823472804768858
0.16882866790834816
0.14558844052549924
0.11473833867931414
0.18087117528108249
0.07091379777588455
0.16477001490442203
0.23956662462970485
0.1395451214288145
0.21646991242389854
0.30634797372428746
0.20892880592340046
0.9015008542258262
0.17988603633654252
0.15141555731551556
0.046728878877505604
0.11162499906976515
0.14955057046151324
0.31649321028210786
0.23166623766339894
0.21333779778470013
0.15122364776865535
0.49629349455676675
0.07116783523384708
0.1748522607064012
0.16974022548940165
0.3177220611652345
0.32732584717918894
0.3557497307683319
0.16253314125314594
0.1269959319628224
0.310158539812137
0.21729765712698976
0.0003181442152708769
0.5895627216587793
0.14664679944757472
0.2759866159958519
0.21803326961761765
0.11985313172549426
0.10848922428760627
0.23703196930342077
0.39656204630715713
0.18243536346241696
0.16359090080607
0.06265829288592499
0.29345529460522357
0.17365637813320814
0.18992972943515363
0.29644407711436055
0.06256880222702875
0.3910828962060198
0.3353833240261598
0.22929632626940624
0.4468105477694419
0.17210848871409667
0.22171294387724752
0.1202935288739538
0.855580901471128
0.26108877465224267
0.2749401670559266
0.31841428760221974
0.4222192017177496
0.07812220739098166
0.09766307934263807
0.3127244749172769
0.18879155940327444
0.2008572876902003
0.5081386421508721
0.26299667516151465
0.00013448475368022628
0.4036266696337814
0.17496882831008204
0.1669004106548338
0.195554293695551
0.17243663128321715
0.1836670872348894
0.13845647365794841
0.9502190672301657
0.14911307167109758
0.26048061305090187
0.46660287553619206
0.14146105853339644
0.09500057351553523
1.301882767732612
1.2828101914461332
0.14230484629636272
0.14099184743541704
0.5304876241355784
0.0002330532734049484
0.30822228679906605
0.5434565022658472
0.2687098301122841
0.11944481794004484
0.11461280670495975
0.2696371321670993
0.19525741408938302
7.912090286481544e-05
0.25139132608929465
0.2869616406720825
0.6630394580514886
3.197906611755267e-05
0.37729845139340495
0.20167422237571578
0.25005177392933775
8.766056458221606e-05
1.1248540164370935
0.297778376872121
0.15138337966328358
7.417736075391683e-05
0.6620748311543393
0.3475552553268623
0.5036905990396824
0.35290364332408236
0.26062970198294505
0.00020595539535861462
0.2874003364952157
0.11580429521009811
1.161009898117397
0.521362141307236
0.40791309377152135
0.2968377672352784
0.2219014170280807
0.21220674354973676
0.0001988511891492332
0.145046804967956
0.142404626229205
0.17480808247972635
0.29144848696800013
1.5865296809388771
0.1303778875423139
0.18275581912692784
0.27050779676762843
0.18709290564506229
0.41242544362770533
0.2931264772982267
0.14098278882328544
0.17960484596589416
0.05062320139937847
0.24057470063819436
0.2758438659566443
0.2726071533490352
0.1443058332908229
0.05904029726101906
0.16306051012124811
0.21557764541813693
0.15674887419116884
0.26872681417151156
0.521416661571493
0.15361525677678362
1.0221148467025623
0.10667159610769969
0.2895422529015874
0.8301838364249636
7.580878343560471e-05
0.0868677113478466
0.8125772131257444
0.10433168862979679
0.19441071376895583
8.376725816106045e-05
0.1565094080393692
4.666382254267124e-05
0.25349900184061414
0.13137262303253827
0.17871154705192452
0.375197131846312
0.765893056909378
0.347984277771801
0.288232105946107
0.17369586851161026
8.814542457002972e-05
0.4322296561381839
0.2873217911815207
0.949127758125688
0.17121525992746278
0.21340241034907462
1.100193386195167
1.7475387316118793
0.20761896769056754
0.9653099147538455
0.1314570827660282
0.4756608706924547
0.1958865093389548
0.2605574603982556
0.08959564413324382
0.4696178635357683
0.1626811223405716
0.0002060492552118376
0.07467659870907742
0.36673127679259776
9.962199032924616
0.00010357995750547906
0.678427290183397
0.4204406599794729
0.2266679096778601
0.9798930666740706
0.26085737940231485
0.22369295499777309
0.2462381854876812
0.5756271661839389
0.162416768955944
0.5499813609525055
0.2134395951113623
0.00010783939517620768
0.10918221318344644
0.16932231007708837
0.22645943452095477
0.1953924726825278
0.0356723824904231
0.08699758385889961
0.28412616196782314
0.14351101023001925
0.3417085559753256
0.21731037149997004
0.00011058339798962282
0.26039499887635503
0.8682006140239132
8.570351548087274e-05
5.220372690928343e-05
0.1631615197556139
0.9569385363658456
0.6807028424561006
0.260812539413223
0.4266995130914314
0.46903798851220413
0.11958332098488395
0.17367307752217837
0.21485230302396854
0.00016337420179802898
0.5821017782605938
0.1258482362771759
0.26862181598526913
0.00044136185897514224
0.2605328025370757
0.1308554896561039
0.19292016554161145
0.5663673781786719
7.269774000633334e-05
0.7816922072476302
0.5091895058623075
0.1764256950479159
0.25567313705327877
0.00015650437489966862
0.6639296537171064
0.00017033936092047952
0.2253004356103442
0.10027632412096082
0.2421416363423321
0.00010578347337286687
0.6316485600478468
0.34098504823952025
0.00020100582332815975
0.14501058804377728
0.35558791234588616
0.9473683519058795
0.39926290286159943
0.3859827820741369
0.15335094747610012
0.5884068288640777
0.1302775075761673
0.06796235417882303
0.10923658451837831
0.25109328701352646
0.46872801316726886
0.14067639443429558
8.819204203171146e-05
0.10919382562268352
0.651784322285053
0.17547309610752654
9.063037958350668e-05
0.19394345793035928
0.14216374755924394
1.0601396785628237
0.14665219844654587
0.06183839960006534
0.09250787860379633
0.5211549111616802
0.37521129642474127
0.8347017849068116
0.16458401037138665
0.07810034145625196
0.34461442414599436
0.17251932258331357
0.25423674933627655
0.4437185213021141
0.42398257883550194
0.24466299273401168
0.7001128229343073
4.613777360873428e-05
0.3145588004070264
0.19617825912422937
0.18112089712142757
0.1301256563761323
0.6176895252676524
0.2333508294556851
0.3438865895841301
0.2505368279833313
5.946269288238505e-05
11.251565318522172
0.5416230896866534
6.652991245508539e-05
1.4190018819169963
0.27872519687920183
0.3100993125311434
0.3247698286590473
0.27297149583057595
0.26488998930008106
0.2062930336705066
0.31262807873645215
0.26671321864317016
0.11551289745122424
0.6969414799172986
1.692969231543114
0.2387510588472736
0.6636090093751428
0.3829967924949848
1.5622975787430846
0.5197637742500615
0.7949448095193531
0.7133375565627428
0.32218014839347003
0.4678271241057389
0.4969439930707785
0.35217603935036773
2.0164250910132346
0.0372614977436001
0.0001408798082625903
0.38563359991818025
0.18144966299984144
0.7102283872535612
0.36517638890326926
0.2246082432583524
0.35103980433957904
0.14654193249759473
0.28731805597927673
0.2278768421289235
0.040121192048591416
0.20284889676885515
0.32959444448752756
0.28450042788405405
0.06015552031124116
0.2834985610375368
0.07828403152547025
0.27488344231574763
0.19775190057827852
0.14842408879800095
0.18234146405769563
0.5589491998308057
0.12149521617020935
0.41796079403031755
0.22629963694864372
1.1076899766929102
0.19868571410880498
0.4011231903817079
0.3056062734268308
0.2995484324931433
0.3298354163348574
0.5391050756773679
0.1353468424498236
0.16866506075783708
0.154426000640205
9.663961388165869e-05
0.484992080034686
0.0002004856214625761
0.1957984915309936
0.17874304081581938
0.16142633273092585
0.3520773836056804
0.2636806496782392
0.18620151470496438
0.2259291310586525
0.2081944986711107
0.3318608897168154
0.5052601879993519
0.7820162765519637
0.2773429808442502
0.3916709093983286
2.501361507256661e-05
4.135568865422101e-05
0.2090109898138697
0.12489393568813713
0.16663979896161482
0.08115869229362127
0.10437726373736811
0.3420915809023981
0.18427503107671792
0.6199158182210336
0.10279429635608318
0.11152600292932188
0.1997169014325325
0.3973959941909802
0.12012739529670022
0.5124523655319901
3.0429091077127417e-05
0.19134187587970627
0.11869817399968823
0.4159755119447584
0.20578037740692498
0.22046450181995328
0.12326330243737747
0.37843842814806816
0.17306875434350752
0.3090393234785797
0.5222047772664996
0.5813961732052693
0.6281251455724148
0.23117257847168202
0.26643552099452894
0.1672886922065499
0.32316966304241934
0.23794107029354264
0.2027438753076962
0.1691030323243593
0.12323156187482028
0.2426540593625631
0.30716726176646
0.21257763422799578
0.21247195624857532
0.14382737226827136
0.42566830217132356
0.4747110682259534
5.70266321346935e-05
0.0539568286374145
1.110876896316863
0.26450236784508524
0.3063198077267802
0.2391142082090596
0.24038555844108836
0.34384474612043164
0.328444500468557
4.453917293791592e-05
0.3402033290863351
0.00013862940636499843
0.2096059501297143
0.736027407884856
0.16553567823109727
0.21927282482266428
0.3198717112763861
0.2723436560397201
0.18038441549640538
7.379001708200535e-05
0.8591567912294465
0.00013531980403058697
0.2992579037883767
0.2651177821311482
0.2135748452570408
0.23309139355693975
0.275490011531296
0.21015639072545547
0.36936192617358415
0.34983202245788264
0.3947544625368053
1.0715501532069909
0.07132061427544235
0.23864258780066136
2.0808277443538827
0.9217200894537368
0.34518713064646106
0.1923971436133139
0.46143334169200395
0.1976960696692906
0.37278849790969837
0.1520590026826222
0.20926327710052572
7.442160922247847e-05
0.18057045320125992
0.11767956545970737
0.16931467548604545
0.27332160766397673
0.34707308748705956
3.4551130852378265e-05
0.8831984761205522
0.26724006224072283
0.2932472882621724
0.24265911630655032
1.5635072133047918
0.5135388533827844
0.7106238427351793
0.3805709863191126
0.163232767857047
0.33605929990746974
0.2558888192159078
0.3775268983905288
0.1441307158891736
0.7714302690686614
0.3290835504130319
0.5158037829867466
2.1392850934918366
0.17061583372102637
0.19054501292610734
0.22322042598813954
0.4108374558167692
0.468928747321404
0.29687934295439194
0.3850778315638055
0.42558352449763087
0.1956123844883185
0.3272949921230158
0.7166346582843511
0.23254959872156794
0.21123127878125136
0.14913801884654004
0.17850306572169236
0.21636998840528895
0.4657552423939378
0.5208420831591866
0.7389661801010335
1.0015511078019812
0.26614184794220336
0.13178289348634578
0.2977124913753327
0.25301776971849177
0.2895577309922409
0.1747204552046292
0.4026327906611316
0.3921937426925979
0.4295948080706756
0.2759603123381881
0.31252224752042823
0.17692199649186777
0.7279041114116095
0.16275411536933385
0.33518508742713493
0.4225451103399363
0.3907678709861151
4.408549369827597e-05
0.2507749110983286
0.19796601263867725
0.7177922060086794
0.5656001642486168
0.00023158403928391635
0.26135196759594237
0.23744161973667183
1.1791785399283028
0.06651816589376654
0.4303166763918417
0.430317245437975
0.39172686343057234
0.6472191852108742
0.78124354249303
1.0141384224931917
0.4433438341121436
0.17726080552085635
0.0403651680417811
0.3348809430557367
9.811209307437301e-05
0.18235724339990222
0.3167848478855033
0.7468841087448279
0.12026544598549768
2.0807098624112164
1.2499647105878466
0.12746463766158941
8.194237888016109e-05
0.4469442071219549
0.2560228872451065
0.30039972469147497
0.28167416761812547
0.3756739269943023
0.20202189830744768
0.10086362865264538
0.17542509605087078
9.953270955520566e-05
0.7064899239032099
0.4264608151487695
0.3553193702337994
0.7585233234835842
0.3646191988106466
0.5409387087841815
0.10001650861522528
0.32525774618352443
1.747232938067334
0.06573420334380368
0.3495099256855298
0.29804522499107733
0.3198104698259663
0.27203559691581697
0.1603833509160014
9.501878414539534e-05
1.5661693811416626
0.8409968923869354
0.2208351907461175
0.3125053257983685
0.22936837311932473
0.19052896609684922
0.4901425569748219
0.31274870965264656
0.420169988477595
0.19573092415252996
0.223497263883809
0.3473881293068896
0.2043590762772085
0.2847083889381139
0.3185403814431846
0.00016614719038443582
0.26091020385077474
0.4062577890560735
8.130005003437191e-05
0.6427851484801249
5.662362228678022e-05
0.34894052173254725
0.0004386858781799674
0.30652044207393564
0.00022921655988739076
0.00012110906269905779
0.8149747149799148
0.22134148662758885
0.4207186438142991
0.1270572255046017
0.6013521594901476
0.17397107290121816
0.3626442588403139
0.22888814119108347
0.24120931029528508
2.6184267236809926e-05
0.23191525744054733
1.3678087147174005
0.138105027563776
0.40403040521119216
0.1829235125454111
0.00011450836473159143
0.04347024390694306
0.29807840701879024
0.36777543064442686
0.24321324746601425
0.3013747909210714
0.9448436234939401
0.15904299068210231
0.5588503608542835
7.39597549757794e-05
0.47143450663981673
0.24249644087493238
0.6252609455672066
0.403316498403727
0.19565719032736695
0.11171679640092082
0.19534314018469937
0.0919758763252369
0.610707242480168
0.14210117266507763
0.23588680331222295
0.09218548434308485
1.5630362185463254
7.981705158878564e-05
0.9918901335185255
0.00022199913655640557
0.1303847458014881
1.1639398132142404
0.10960472072770643
0.250006430748668
8.503082811254596e-05
0.2008007276113794
0.2846684733065893
0.3049391064341533
0.11051273564326239
0.00011209402259737544
3.6089656759941136e-05
0.2117622262702247
5.96621523527574e-05
0.2293580764670748
0.17188729118613683
0.6258639057014989
0.3326507365552056
0.10442550114623828
0.28059004202517657
0.38464894693009444
0.16759274016389117
0.13054191577600704
0.26704669400519987
0.02843410108135293
0.37113267644882625
0.16497309435582888
0.00014953050822441583
0.24690690867052917
1.020498456107742
0.39082571791595083
0.6391744202765867
0.00011532125654412084
1.7504695714159493
0.7431930689435831
0.6309577017695142
0.5695367167368823
8.975753488963771e-05
0.29096001935541016
0.00011119646262613969
0.17365234059375914
0.1775918972100098
0.26595950148209263
0.00011569271227926948
0.26049608346597114
0.06656867616214263
8.245940125561901e-05
0.16482230236097525
0.26785764195673417
0.1565419613937479
0.782603254877472
0.3057536393557168
0.24920287103804437
0.1060440914133573
0.2606764985475152
0.2696616448285395
0.23204438035751687
1.0869741596080116
0.24843732856220954
0.20654388489768985
0.3043257136293833
0.5604996723899403
1.0417302995711668
0.20409297423008935
0.6758502935374997
0.24762257246444994
0.3332754418664682
0.21333701743259195
0.50389459566259
0.5659131899709984
0.2702941350920183
0.4546560510792336
0.16519579913880963
0.5218123987855784
0.07807774357672201
0.583333888015621
0.39377282293295185
0.2555789422522638
0.2864280082577495
0.17036666110746151
0.1758791736682981
0.19541097844404476
0.23039868706090308
0.48070109039852366
0.1645398642341224
0.16257476294775183
1.0453167789870956
0.17447526664240184
0.1193211863545468
0.3536509021754333
0.45932056162873486
0.05808217668050862
0.48631496276001734
0.12957210321220758
0.06974970877245647
0.5574614542308426
0.08234175269252007
0.10416956500863535
0.14785554302894088
0.29940981559640073
0.3520630912637566
0.1043398584835927
0.00020115900163849196
0.36532653270852883
0.7813110177636986
0.3769150397447683
0.3403388938911901
0.19962809966486325
0.18799568727731183
0.3621721314053974
0.07038570285835233
0.24775179477243917
0.27800463044962515
6.272714500710208e-05
0.15536518862845716
0.8675275763433647
0.5100228254425737
0.661692229459672
0.21587561533137573
0.403815375405487
0.19999124099045243
0.18613557604364342
1.2149696694692411
0.4534730602248997
0.24670309653515987
0.28801093726478466
0.18568835873270698
0.7832360779218561
8.26646113409879e-05
0.21222425870086856
0.11281176870318294
0.7653593323763417
0.1562221103779469
0.3463048381370696
0.32850977586614394
0.1506238088223772
0.1436259317611307
0.24410927998022186
0.49730928209638275
0.15677365824740264
0.17029416524002777
0.3201696811830268
6.362385728117751e-05
6.920570543419065e-05
0.18154482001134487
0.24057405879710497
0.16459687614925192
0.23926447288453184
0.2392921613889558
0.2571940765126445
0.520919217808298
0.24315763417602015
0.22624172007725107
0.38325323542558437
0.1332802117213866
0.2127420251722064
0.08044373264723885
0.24495071416187644
0.12121469951377933
0.08229696845966086
0.1909667208770016
0.16275466341403444
0.45989596700144375
0.17642169610741848
0.0946895619687797
0.16151777496802347
0.27147062417863127
0.4124608478794411
0.7402396561332927
0.27077709331169747
0.5893255146823304
0.15359895887665437
0.5777190638410211
0.5206443968642512
0.10917325511941986
0.246902296076709
0.20581606374061526
0.11870556836800006
0.1600705664109465
0.21177185197029144
0.42641337305555593
0.5860098184551532
8.505895448251977e-05
0.15209094263784728
0.16038392381301608
0.7812501783191692
0.17586430392389227
0.1886819452488407
0.10432962059125607
3.551433976648847e-05
0.464081477271721
0.34742593749627243
0.32948935723568173
0.2604078890399402
0.23543163548258453
0.23029062503537936
0.21111881504142227
0.14882134069892394
3.451984581591784e-05
0.2765467878911345
0.23440632279355664
0.19520302881412022
0.11093382311451838
0.11184919561571657
0.16978536816427303
0.09985293161715143
1.1125695462939156
0.3126084093076429
5.86998218447358e-05
0.1044560069497436
0.1915135183467785
0.11887914368174256
0.14671963686473327
0.19525024795699034
0.16239231844780852
0.2501458649035605
0.234968318741943
0.22357267655342553
0.2620286196482116
7.528908679432789e-05
0.0001483717787778005
5.9390459531035354e-05
0.060264014078335586
11.249755579873455
0.00016326236072927713
6.800989982972776e-05
0.16167889598995808
0.14023438960376802
0.06287949827885768
0.12263763743816249
0.2570903224325199
7.122292472558912e-05
0.3499340245317137
0.36080563374522
0.1298477895469041
0.0473513451085127
0.6018719862744057
0.2110952833413694
0.16439483685453046
0.15233615756613922
0.15635643884643285
0.08225738227125882
0.19624475960614518
6.210582955645805e-05
0.2690288800954915
0.2944172459326769
0.2500808673188222
0.23389803328721548
0.06523362690489876
0.1453323817334087
0.25526678655104795
1.0821932087965251
0.33696472683830925
0.05598570912431252
0.22327315656759442
0.2149704480751815
0.29122000247246455
0.21265428969476802
1.3527873011015572
0.487318082742814
0.21097921146770643
1.2086300783004462
0.13784214212886822
0.7467341190243537
0.6398616074825714
1.5622824430465698
0.21739050851256325
0.13614366327615565
0.20980357228009733
0.13028364918569083
0.24431280503972808
0.1542196053794445
0.2632219861837797
0.2862664642135202
14.06219284095755
0.29798478729122463
0.24446841038968686
1.1267084432375916
0.1650596665325763
0.27068301273261525
0.2162274398801771
0.20201002382396294
0.20171394833203105
0.14615368232806925
0.25184388947901126
0.4249150527135449
0.18073706061538145
0.31179859376756097
0.18948007216292218
0.30415350950343467
0.586104684552573
0.12362329269421336
0.3039034426314208
0.4498096172923676
0.17033963892481074
0.560411010932321
0.24045997215367046
0.5433099431533834
0.2067224439722438
0.2740811753245809
0.09041775767060646
0.05794768308123821
1.4326167509158079
0.371958574759571
0.35992168850163625
0.1771591715402142
0.2012299575176318
0.16946532361858416
0.9486309798469758
0.304075083207844
0.3039368094521988
0.7211412730054729
0.34717986861596367
0.3548770891395219
0.1692045177166521
0.07815417384895795
0.00012029501522192731
0.36684269898190436
0.21649114984654716
0.3548388745855035
0.23145176314092725
0.9295347902396273
0.3450659899754126
0.2422802911571732
0.1778860307812341
0.1389723377361389
0.29522447284394926
0.29161815450633016
0.3027607003555094
0.27078124849770446
8.415862144569733e-05
0.18473445021912566
0.19556681255297598
0.3907416856685053
0.4690095652299874
1.1557371138047212
0.17360693793144025
0.2586292627311312
0.14453403702397186
4.9427589800643545e-05
0.11048604750621327
0.12028260710738
0.46180637644681943
0.47249896093076843
0.1002606873034856
0.6697843870413692
4.7614111858470445e-05
3.651683448424592e-05
0.5369802008360693
0.5573875480676284
0.00014490987814497203
0.06019563930162629
0.24391247603885008
0.1722235913882391
0.11754521123275481
0.1115504855840592
6.502999565327627e-05
0.3098028301605165
0.3084366375656995
0.31257233835261217
0.6744216348684818
0.23446489309300347
0.17376401913733625
0.46869628213863734
1.560860812664032
0.15474348510956362
0.17383876026869732
0.20217442270214822
4.1687719090077735e-05
0.4558065929591829
0.5219143057180796
0.22644700189109146
7.455568402292556e-05
0.156742027564826
9.427728218724951e-05
0.09768235180526119
0.34746505180416737
6.688108797447967e-05
0.38632752776091683
0.38375026507820253
0.5123476998453498
0.44303374783972915
0.2288745786683181
0.052125441924639894
0.39962461420334405
0.12272672984949944
0.22481784428314844
0.3131177502691268
0.30991657831769204
0.032634466403303954
0.5543121136078416
0.19162369288703618
0.16500723759984667
0.5910690094004031
0.00014489369641523808
0.30253817319606374
0.22357234689496538
0.195633957342487
1.3563030928224926
0.9764045211652785
0.21676784735279647
0.14244873110228376
0.3676502124693119
0.22322297705708088
0.16913784259935022
0.2606748104267379
0.5056858089722718
0.06656521095962073
5.184392443879915e-05
1.1845662114310866
0.1208486719967508
0.6719010892542305
0.03767668990981251
0.3487323618045871
0.04352947167809873
0.6534501841189302
0.17369061364560265
0.12041148906338933
0.21452791766347087
0.2930151439358788
0.22342575738329223
0.38384762586117194
0.19029105603373206
0.6757175037157664
0.35904517251970913
0.06804086300768553
0.315570954300823
0.2103859924786316
0.1073829055107724
0.4924637372207999
0.18629260112430587
0.21945061248983053
0.09997977007987068
0.5341862232362743
0.13025043950468293
0.3139679225364958
0.21750040591802722
0.25543356880575163
0.2114475966683181
0.3334715024935087
0.2393206735830235
0.0844962680770745
0.14933202255619765
1.1727497099861353
1.9029325144585538
0.5718873783666615
0.1959147269653357
5.0098894234906766e-05
0.3502598200886322
0.3799411885536529
0.256621648756073
7.734303239885776e-05
0.18663361552293486
0.14656609314583413
4.187710237602005e-05
0.2446288158906853
0.18752969689229076
0.19604721952348428
1.2622357815819651
0.173621832432117
0.5306278487537662
0.29718001537736766
0.4432932170580311
0.32207162322900645
0.21559600738682297
0.3221419046194543
0.13592574169664975
0.33162446123346073
0.1706420182926645
0.38186800487347655
0.11007379990594846
0.821692446461912
0.13917625241166307
0.2112225517854325
0.14083611429324405
0.180401373771603
0.2848531248057084
1.0161727337641082
0.6372750206925589
0.376463220633685
0.2755788101980991
0.36088106976073786
9.103405704991019e-05
0.1906776922247936
7.824407242651432e-05
0.23246625694367837
5.497294312460456e-05
0.13466963099126167
9.911349246370568e-05
2.3439714386491537
1.2500470036010483
0.1422003383450048
4.0120660438939616e-05
0.23426861745061273
0.12092632296018845
0.4688331003268331
0.12055684637810735
7.06906442766402e-05
3.8490798743850974e-05
0.3433296779668409
0.2967287639232415
0.07828914274573436
0.10659707465295944
9.148501521849539e-05
0.09200582767318659
0.24879619489251778
0.27235238203727896
0.15638649017321768
0.20855346567273045
0.16468163604184538
0.0903359659054541
0.8729463387372739
0.1966173698672286
0.13224072626880096
0.9163893801580406
0.17381638195677745
0.08411555400289521
0.07440875102040645
0.21024412739367201
0.42625552789242455
0.2588908363569941
0.17683295457645898
0.2915689707056151
0.16027621301924602
0.18721013542664305
0.327335684570138
3.722295026401904e-05
0.24066249276092838
0.19340584901351912
0.1937837186647056
0.1572440734200919
1.5632058816228618
9.78708458530621e-05
0.28185059020588865
0.2302443676205779
0.1359772522880761
0.09501865388526974
0.13543356838264686
0.2759919675231953
0.2823585098771566
0.2933211627659986
0.042991031619765224
0.16715081340233734
0.08020927847164143
0.1702773022920901
0.2302260631763713
0.12537346344158323
0.12022873119134986
0.17368089442982182
0.13602584151875935
0.1565616535163047
7.366649138670514e-05
0.2611645858961885
0.2759637708864104
0.18816893473218443
0.18132840712517906
0.2759388365522735
1.1847490240806433
0.3888383222805395
0.08682216864178827
0.18754191563324413
0.3549016487571324
0.43805999800462614
0.32989161911396386
0.3705078855469593
7.94049321939383e-05
0.4637751714360673
0.09768102739802842
5.5481638128185295e-05
0.44758546863925275
0.1627280189602368
5.211203273405165
0.12723875391492032
0.39118243722123225
0.04604129914640881
0.12719028085228495
0.15630091778552924
0.1095508296355958
0.2605482202798157
0.14215857542636326
4.851218906765098e-05
0.24063320875589292
4.186345760941053e-05
0.505531923764955
0.14914059628838755
0.2086366882134371
0.11740217372806683
0.2534062131449329
0.13942735283743413
0.03331959809678123
0.049242644268503
0.22722401384451923
0.11196935648175099
0.10201295105002087
0.44114681415270496
0.1513972898818822
0.1424135183888831
0.11168365290791642
0.12500404381698949
0.181752224820552
0.22396372179536844
0.17372378586710763
0.05188485041977871
0.27925616841191314
0.1079947611092315
0.000150308891164741
